#Kamchatka flounder data    
#===================================================== 
# 
# Control file from here down...
# 
#===================================================== 
#(1) start year
1991   
#(2) end year    
2016      
#(3) start year for future projections    
2017 
#(4) end year for future projections
2021   
#(4.5) assessment (1 for Bering Sea ATF assessment), 2 for GOA ATF, 3 for Kamchatka
3
#(5) nsurv - number of surveys
3  
#(6) median recruits to use for the last year (end year) median(ATF2016_15_1b$Numbers_fem[1:36,1])*2 419018000 until 5 yrs before present
22500  #may need to scale up     
#(7) first age
2                         
#(8) last age
25 
#(8.1) first_length
1
#(8.2) last_length   
76  
#(8.3) nages_read
24 
#(9) nsurv_aged - number of surveys with age data
2           
#(10) phase for F40     
5  
#(11) phase_logistic_sel phase to do selectivity for survey        
3 3 3 3 3 3 
#(12) phase_fishery_sel phase to do selectivity for fishery slope then sel50
-4 4     
#(13) phase to estimate alpha and beta (BSAI only)
-4
#(14) q_phase
4 -5 2
#(15) phase for smooth selectivity curve fishery
-4    
#(16) fishery nselages- selectivity after nselages age set equal to selectivity at nselages age
19      
#(17) nselages_srv
19 19 19       
#(18) fishery female slope and sel50 lower bounds
.1 1.
#(19) fishery male slope and sel50 lower bounds
.05 1.
#(20) fishery female slope and sel50 upper bounds
5. 25.
#(21) fishery male slope and sel50 upper bounds
5. 25. 
#(22) fishsel_prior_f slope and sel50 
1. 4. 
#(23) fishsel_prior_m   slope and sel50 
1. 4. 
#(24) number of selectivity parameters for each survey (either 2 or 4) 
4 2 2  
#(25) srv1, srv2, srv3 sel_prior_f (first logistic only slope and sel50)  shelf, slope, AI always   
.8 2.
.4 4.
.4 4.  
#(26) srv1, srv2, srv3 sel_prior_m   
.8 2.
.4 4.
.4 4.
#(27) srv1, srv2, srv3 sel_LB_f      #
.1 1.
.1 1.
.01 1.
#(28) srv1, srv2, srv3 sel_LB_m         #
.1 .2
.1 1.
.01 1.
#(29) srv1, srv2, srv3 sel_UB_f     
5. 10.
5. 10.
5. 20.
#(30) srv1, srv2, srv3 sel_UB_m          
5. 12. 
5. 12. 
5. 20.   
#(31) sel1_desc_prior_f    #31-36 are for the descending logistic of the shelf survey (srv1) for the BSAI survey. I just leave them in for the GOA survey    
0.8 8.
#(32) sel1_desc_prior_m  
.4 8.
#(33) sel1_desc_LB_f    
.1 1.
#(34) sel1_desc_LB_m      
.1 1.
#(35) sel1_desc_UB_f       
5. 20. 
#(36) sel1_desc_UB_m     
5. 20.     
#(37) nlen number of length bins        
76           
#(38) nobs_fish number of years of fishery length data 
6
#(39) yrs_fish years with fishery length data 
2008 2009 2010 2011 2012 2013
#(40) sample size (weights) for each sex and yr of fishery data 
25 25 25 25 25 25 
25 25 25 25 25 25
#(41) # yrs of shelf, slope, AI data
26 6 11
#(42shelf) yrs with shelf, slope, AI survey data
1991 1992 1993 1994 1995 1996 1997 1998 1999 2000 2001 2002 2003 2004 2005 2006 2007 2008 2009 2010 2011 2012 2013 2014 2015 2016
#(42slope)
2002 2004 2008 2010 2012 2016
#(42AI)
1991 1994 1997 2000 2002 2004 2006 2010 2012 2014 2016
#(43) number of years with shelf, slope, AI survey length data
26 4 10
#(44shelf) yrs with shelf, slope, AI length data	
1991 1992 1993 1994 1995 1996 1997 1998 1999 2000 2001 2002 2003 2004 2005 2006 2007 2008 2009 2010 2011 2012 2013 2014 2015 2016
#(44slope)
2004 2008 2010 2016
#(44AI)
1991 1994 1997 2000 2002 2004 2006 2012 2014 2016
#(45)sample sizes females for each length comp by sex and year for shelf, slope, AI survey 
#(45 shelf)
200 200 200 200 200 200 200 200 200 200 200 200 200 200 200 200 200 200 200 200 200 200 200 200 200 200
#(45slope)
200 200 200 200                                                                          
#(45AI)
200 200 200 200 200 200 200 200 200 200
#(46)sample sizes males for each length comp by sex and year for shelf, slope, AI survey 
#(46 shelf)
200 200 200 200 200 200 200 200 200 200 200 200 200 200 200 200 200 200 200 200 200 200 200 200 200 200
#(46slope)
200 200 200 200                                                                                                         
#(46AI)
200 200 200 200 200 200 200 200 200 200
#(48 fishery length comps)
#length	bins	-	76	length	bins	from	15-90	cm
#15 16 17 18 19 20 21 22 23 24 25 26 27 28 29 30 31 32 33 34 35 36 37 38 39 40 41 42 43 44 45 46 47 48 49 50 51 52 53 54 55 56 57 58 59 60 61 62 63 64 65 66 67 68 69 70 71 72 73 74 75 76 77 78 79 80 81 82 83 84 85 86 87 88 89 90
#females 2008-2013
0 0 0 1 0 0 0 0 0 0 0 1 0 0 0 0 0 0 0 1 0 1 1 0 2 1 1 0 2 2 3 4 3 3 1 1 2 2 3 1 0 4 2 1 1 1 2 1 2 0 2 0 1 3 1 0 2 0 1 0 0 2 0 0 0 0 0 0 0 0 0 1 0 0 0 0 
0 0 0 0 0 0 1 0 0 1 1 0 0 3 9 23 11 19 27 14 21 4 1 2 9 0 6 23 2 9 9 1 9 20 1 5 1 0 0 1 2 6 1 12 11 5 12 11 12 12 15 4 1 13 1 5 3 12 3 1 2 2 3 2 0 0 0 1 0 2 0 0 1 4 0 0 
0 0 0 0 0 0 0 0 0 1 0 1 4 2 14 8 16 4 15 18 26 20 3 8 12 11 5 1 2 6 14 23 23 42 27 19 16 12 5 26 11 8 7 8 18 10 11 16 21 13 16 34 6 11 14 7 21 11 9 18 10 3 3 16 16 6 3 13 11 1 2 3 3 2 4 2 
0 0 0 0 0 0 0 0 0 0 1 8 5 8 30 50 33 99 70 11 3 0 2 1 0 1 5 7 15 18 14 21 15 20 12 25 16 6 6 8 9 6 6 10 10 13 7 11 17 8 10 5 7 4 5 0 2 3 2 0 0 1 4 2 1 0 2 0 2 0 0 0 2 0 0 0 
0 0 0 0 0 0 0 0 0 0 0 0 0 0 0 0 0 1 0 0 0 2 9 0 0 4 2 2 2 0 24 0 12 0 0 25 12 48 36 48 24 12 0 0 24 0 0 0 0 0 12 12 0 12 0 0 0 0 0 0 0 0 0 0 0 0 0 0 0 0 0 0 12 0 0 12 
0 0 0 0 0 0 0 0 0 0 28 14 0 0 14 14 28 14 1 0 56 15 1 17 14 48 0 0 0 0 18 0 0 0 0 1 0 0 0 0 0 0 16 0 0 0 32 2 0 16 66 2 2 0 4 0 0 0 0 0 0 0 2 0 16 0 0 0 18 0 0 0 0 0 0 0
# males 2008-2013
0 0 0 0 0 1 0 0 0 0 0 0 0 0 0 0 0 0 0 1 1 0 0 2 0 1 2 1 4 2 5 5 4 4 4 2 4 6 5 4 5 7 6 11 9 7 7 6 5 8 2 2 2 0 1 0 0 0 0 0 0 0 0 0 0 0 0 0 0 0 0 0 0 0 0 0 
0 0 0 0 0 0 1 0 1 0 0 1 10 2 2 3 11 26 21 34 10 20 13 10 8 6 0 4 6 9 9 0 8 2 5 2 1 2 4 2 2 1 4 11 4 2 1 19 35 25 4 6 14 20 0 0 16 4 1 0 2 4 0 8 0 0 0 0 0 0 0 0 0 0 0 0 
0 0 0 0 0 0 0 0 0 1 2 2 0 18 9 0 6 6 7 9 0 0 1 9 2 7 5 6 23 32 31 29 46 46 28 19 19 13 19 19 7 27 15 11 8 19 17 26 35 22 20 12 13 3 13 6 0 2 3 4 2 0 2 2 10 2 6 4 2 10 2 2 4 4 10 9
0 0 0 0 0 0 0 0 0 0 1 8 5 8 30 50 33 99 70 11 3 0 2 1 0 1 5 7 15 18 14 21 15 20 12 25 16 6 6 8 9 6 6 10 10 13 7 11 17 8 10 5 7 4 5 0 2 3 2 0 0 1 4 2 1 0 2 0 2 0 0 0 2 0 0 0
0 0 0 0 0 0 0 0 0 0 0 0 0 0 0 0 0 2 0 2 4 4 6 2 0 0 0 0 12 0 0 0 12 24 24 36 36 12 12 24 36 48 12 36 0 12 12 2 0 0 36 12 0 24 12 0 0 0 12 0 0 0 0 12 0 0 0 0 0 0 0 0 0 0 0 0
0 0 0 0 0 0 0 0 0 14 1 0 14 1 0 1 17 1 2 0 0 0 0 0 0 0 0 2 0 2 0 0 16 0 16 0 2 16 0 0 4 0 4 0 0 0 16 2 32 32 0 0 16 2 8 18 4 0 2 0 0 0 16 0 0 0 0 0 0 2 0 0 18 0 0 0
#(49shelf) shelf survey females
#size	composition	for	shelf	survey	females	1991-2016
67529	202744	724815	354029	79722	155068	0	226264	157881	745254	718488	623598	1836812	641881	1030345	568969	1842036	3413943	2867934	1872997	2059490	2214735	1964153	2990936	1933325	780456	1051778	1001508	543180	486151	339225	1501790	605833	175219	383892	415654	681875	424792	201503	45012	102745	204844	136326	33213	45012	0	0	206007	178381	37119	33270	0	42508	0	0	0	0	0	0	0	0	0	0	0	0	0	0	0	0	0	0	0	0	0	0	0
256017	147589	1318178	221160	353962	0	49713	317961	567981	494031	662989	146009	266898	715306	231709	2051720	1190457	1068854	1221187	1462496	1334296	729664	1314523	2028054	2309492	2074822	2487400	2236447	2491115	1475878	1320114	1467311	514269	799373	211134	669117	568043	314731	1158094	93751	612707	222417	228226	384287	288426	281597	0	0	68140	123049	0	34789	0	0	0	37154	0	0	0	0	0	0	0	0	0	0	0	0	0	0	0	0	0	0	0	0
239151	166222	463247	883756	151195	274104	116216	283825	735326	1047481	435558	619539	274074	239086	326843	300820	1114710	199024	533412	471156	606008	982873	638973	843551	423726	1463634	912716	1257898	1241016	2059644	1471207	1064795	914603	1136388	798420	636371	1011133	253546	467685	406799	435017	305638	416308	399873	299191	149525	0	93527	136485	0	56505	28068	116142	28068	164314	116142	0	0	0	0	0	0	0	0	0	0	0	0	0	0	0	0	0	0	0	0
74415	219497	221091	167588	39649	211095	271199	565877	416734	597304	770319	808752	898025	691675	961906	901361	976221	1163043	820961	500553	685589	720545	546851	759966	882907	742548	1348687	876703	1082196	1179906	2089252	1239298	1230530	1040947	1185272	954927	1585061	1067618	543642	711741	679048	118106	454089	376356	595392	145643	185474	527132	189800	299122	35401	87524	0	0	52302	36845	86043	0	0	0	0	0	0	0	0	0	0	0	0	0	0	0	0	0	0	0
0	56486	55398	0	115108	58626	26510	53095	199346	56211	106812	113349	63017	215303	190173	497526	575429	977733	470795	379606	553245	856553	317420	654336	427088	254128	490040	600612	393867	221488	643217	399114	657801	562126	579574	614036	447624	429778	463033	343958	469405	611308	352718	50381	29771	139623	235855	65660	25190	0	26547	65800	0	62420	0	0	0	0	0	0	0	0	0	0	0	0	0	0	0	0	0	0	0	0	0	0
0	123132	47571	185388	62746	89772	22698	65892	125974	172556	223771	183693	248644	220049	127160	153517	152266	223947	248329	469361	468960	272210	402283	851295	730097	288750	404321	589843	312084	494651	388723	218972	362941	347257	320687	421179	408433	478785	544321	744006	331896	211936	417504	331077	103067	158700	143034	31572	173718	189455	149579	0	64690	0	0	118839	0	29524	0	0	0	0	0	0	0	0	0	0	0	0	0	0	0	0	0	0
99587	401946	200352	570037	189551	239212	337787	171544	141748	307936	148624	148954	243260	57938	81338	57545	58869	98978	59826	173278	276275	59234	88427	115324	59078	267374	413195	521837	472945	641660	574166	606968	333849	207890	116220	212007	60523	275092	190827	403739	135333	180289	165283	232394	178879	77147	27136	0	97778	31954	57566	89282	57384	0	28567	0	0	0	66237	0	0	32203	0	0	0	0	0	0	0	0	0	0	0	0	0	0
292074	314059	351633	345461	298650	214120	379602	250305	585328	1011674	713303	674973	583407	738900	392248	419206	274554	353521	169080	295005	318873	253931	122776	96107	472660	144010	273276	454429	717066	457725	472227	391774	524122	249081	308207	600999	138764	337780	253969	133268	89693	287544	328108	168312	139598	239224	152523	75133	183805	147903	135427	86448	131473	0	0	109487	0	20452	33469	55020	0	0	0	0	43355	0	26114	0	0	0	0	0	0	0	0	0
194797	219526	272876	191715	146114	110474	144790	162754	167010	405301	635739	903691	674011	518485	705403	312270	1163787	653244	701123	442392	173370	583423	226492	327023	405814	412572	180015	192334	127214	419260	85102	128413	125999	114417	320289	257942	256835	213305	408159	364420	114120	139087	66755	97069	0	0	128247	327885	213081	62216	31761	33408	0	84229	150392	0	315029	0	0	0	0	19331	0	0	0	0	0	0	0	0	0	0	0	0	0	0
141148	201053	0	66093	0	92083	214759	375915	731961	1051501	740359	688657	409527	200121	558036	611719	503700	881663	699434	1151540	557833	420352	455211	658786	254949	314501	617404	142850	62655	152344	31123	129458	209254	98094	171970	202904	202711	77418	184625	367883	179217	174173	307215	29249	227528	56532	49494	82307	0	42716	166627	270969	57173	58068	229209	162771	161294	48112	0	149938	58770	0	30979	0	0	0	0	0	0	0	0	0	0	0	0	0
188713	64169	204731	318334	305890	422485	222120	308832	788784	450733	240464	137483	162918	453538	935775	1477923	1792362	1249613	1489305	528849	617954	696928	1148431	987610	1073677	878124	586233	537342	806307	498181	381584	456588	279215	263902	474702	251127	175765	56764	285199	45749	256940	120141	192933	167070	212687	176373	123822	22711	374382	171573	29283	256217	730722	72649	143164	115866	41860	0	90499	0	44577	0	0	0	0	0	0	0	0	0	0	0	0	0	0	0
550551	885764	901184	454513	382696	170279	170910	226469	426493	763537	364427	193138	446771	393792	537304	620245	347241	470969	253861	413722	554361	1041447	1002093	841245	293980	367290	418205	413541	490526	806789	619677	781259	773764	447042	150775	544854	90537	255427	153791	108857	105185	208542	469187	81650	336561	77988	111754	0	166288	0	0	160731	246896	164414	74857	0	19462	0	0	155616	0	0	0	0	0	0	0	0	0	0	0	0	0	0	0	0
85968	146111	318186	686047	794831	680898	814037	742782	1253793	1262897	1166395	985469	662526	506301	348402	346934	386954	402684	519783	563512	638257	504581	332446	517800	581092	286047	1111055	474062	226915	608467	267686	376981	319661	321413	232579	307904	194315	235956	28750	48213	237003	62108	0	113861	327392	103748	199809	56478	57786	222757	0	80623	280348	109775	127037	61473	61328	29022	87673	0	41583	26767	29752	0	0	56105	0	0	0	0	0	0	0	0	0	0
830145	1984153	4069542	7817210	7175099	6595048	4630260	3755186	2096123	1210362	1420248	2549294	1391617	2147067	1385845	1494836	1608445	1823128	1521854	1220426	736443	978509	603678	473497	848602	189069	1030566	298322	287220	230575	263785	337777	218972	267075	176278	239574	211846	326184	250440	110026	188050	45720	178507	52927	81727	0	45526	65562	168746	52516	169047	47189	101919	28021	18162	145830	99717	248170	0	31483	24934	0	0	31483	0	0	0	0	0	0	0	0	0	0	0	0
1237274	1272630	2253206	2160792	1728805	2569520	2341785	4278728	2416822	4198570	5979802	8191336	8525119	6564894	6815980	5022626	3578834	2821902	2748981	2551275	2146482	2598297	2160213	781161	1672686	760068	497893	349141	229119	284415	130532	393615	91766	512859	137301	490629	151269	192873	172061	148551	294665	0	305284	0	145788	108376	35271	107288	148563	91618	127942	0	25437	0	44536	139585	206760	153436	0	0	29823	0	81347	0	0	0	0	0	0	0	0	0	0	0	0	0
282076	424626	313367	427818	367801	953274	547419	526419	1016210	1756329	2722734	4636483	4468236	5828265	8831696	6877272	5699277	7238816	5673283	6140521	5320888	4762271	3063046	3696910	2665379	1184340	1464513	632534	556592	389732	515092	228995	173009	246507	272185	26789	26595	28770	87672	209838	53983	55186	28770	26789	28314	144305	123149	28532	27410	0	53490	0	102950	28371	83959	26645	0	27303	0	0	0	0	0	0	56127	0	0	0	0	0	0	0	0	0	0	0
351280	1232585	1528392	1456097	566137	212695	134330	265018	529407	639628	362654	767708	732873	1158082	1975930	2840350	2891331	4987774	4905448	5214372	4621633	5165300	6455787	5419067	4120381	3754622	2137180	2344228	879283	1061680	518368	310321	706969	59309	371747	226076	523952	166015	89535	61718	122705	30210	591566	105736	479444	120004	130711	57037	28701	222488	178188	286301	233940	0	145056	27566	0	0	0	73197	0	0	76086	15441	0	0	0	0	0	0	0	0	0	0	0	0
214144	512789	714060	626632	586078	872283	920174	1874119	1355734	705550	464814	314312	699647	851988	650986	1136473	1314406	1240491	1458052	2961760	2428000	2548117	2967881	4290708	3004595	4431414	3824890	3955676	2345038	1491969	953052	963539	303253	939174	145192	368764	430064	62473	165988	130382	167452	59253	61525	73051	0	30989	147778	78044	28118	101649	92220	0	86024	0	165120	0	103833	63891	45691	30989	0	21378	0	0	0	0	31100	0	0	0	0	0	0	0	0	0
141109	448742	704691	616670	137793	218196	346069	463817	630410	484220	871025	956321	776542	873978	1030937	883070	1392877	622966	610590	523607	1052577	856903	1462260	1762111	2309917	2399025	2053486	2331034	2611520	2973844	2340114	1666914	1450271	1426495	438000	328742	288050	159052	78112	113445	199894	83241	83777	103502	54866	0	94775	112357	29053	416969	35524	0	51249	83828	383058	17372	359004	27377	0	18430	0	24657	0	0	122932	52118	0	0	0	0	0	0	0	0	0	0
1018050	3639811	3874240	3339965	1153869	1279485	1557239	2453354	2387418	1294047	1168326	876722	866234	1063632	1016014	941397	1298082	1261452	1220667	2271236	1944598	828187	971699	362953	1513138	913414	900659	1775439	1373345	1527053	1891629	2244310	1869207	2115197	1698585	1604815	508097	556654	551375	192396	124910	29465	63996	60367	61066	165212	29931	29210	57872	123875	40623	186889	0	31602	101393	0	97890	141522	126822	294367	0	18563	81237	0	0	0	0	0	0	168256	0	0	0	0	0	0
449566	687047	839983	543095	573799	342880	1300356	1119347	2381993	2351708	2168041	1269994	2209313	1046890	1419037	1224580	1172050	996261	724389	735886	967523	735616	705124	813448	758975	401364	829525	517546	479157	660808	744852	1240920	1119737	1674857	1198640	1327620	1035053	1283150	916694	568997	422795	560789	551769	86834	0	92318	0	34199	19896	87890	46201	99631	0	51973	121877	58566	32147	0	0	20125	58445	0	31182	167952	193161	0	0	0	0	0	0	0	0	0	0	0
1542350	1332479	1370698	2258158	1382221	1684919	1331428	1916584	1704218	2522514	1457239	1957816	2477338	2607830	2369202	2777009	1703953	1763903	1001158	944509	597734	836745	296897	935085	697215	818439	558856	794442	467994	756845	424865	726442	575233	604917	620503	1171417	734397	756581	840439	903988	412271	416597	224969	51502	48823	0	74348	34412	0	28339	24518	84065	28569	118342	23969	55349	54902	0	0	0	0	0	146882	83848	57442	0	0	0	0	0	0	0	0	0	0	0
392573	791615	378851	1300617	331521	395438	752231	2026685	2519190	2903546	3408195	3037411	2135683	2163715	1966353	2066930	2034591	3718068	2863142	3021583	2256667	1661240	1543932	974181	1028451	827694	493923	765709	482951	904317	734151	426514	455461	477589	387883	499410	434183	642781	879991	400788	372670	664547	332744	414438	166196	70625	147918	0	85272	20199	0	0	26691	57018	0	69084	85402	29521	99722	135843	0	0	0	28723	29521	0	0	0	0	0	0	0	0	0	0	0
866936	1245984	1027083	2452187	1036740	763223	704865	636186	326202	1393071	1047794	1298324	1019962	1403820	2449970	3533998	4021389	4350258	3434746	2387667	2071149	1534034	2045203	1723224	3054316	1172619	2384658	982961	958268	605197	1575015	309094	448479	653037	472255	181064	324862	518653	481682	436257	226889	562682	369092	622849	463742	83085	96360	192848	0	0	56203	26306	0	0	0	0	0	0	0	27987	0	24998	71362	0	0	0	57686	242852	0	0	0	0	0	0	0	0
1230103	1169292	1264337	855521	888069	684864	881401	527996	517485	825703	1085623	1540792	2467873	1535000	780480	1392567	835962	1401871	1239641	1830544	2598943	2458632	2649684	3109132	3007423	2447035	3043419	2920660	2273212	2256933	1590289	1424060	1250886	485895	337674	700486	353674	381887	281635	610134	330681	277635	125927	390388	262378	337574	70699	123808	53397	71455	17609	0	55823	18157	0	0	0	0	0	0	0	0	0	0	0	0	0	0	0	0	0	0	0	0	0	0
710009	847583	1289417	1360213	1345954	2206802	1634459	1430505	1694379	1757795	1379080	1598652	2212196	858843	1464659	1384550	2115841	2217389	1593086	2106122	1160465	1406669	1659409	1597213	1625270	2576015	1646288	2306897	2215035	2416951	1329949	1178556	616180	982311	1019068	1206864	347090	294402	334360	527954	218601	162631	51258	139827	72829	186161	150463	121480	201024	83641	30752	82080	45907	0	100024	0	0	113414	15690	0	0	112322	0	0	0	0	83282	0	0	0	0	0	0	0	0	0
#(49	slope	females)
#females	2004	2008	2010	2016	(age	data	in	2012)
0	0	0	0	0	0	4663	0	9141	4283	2950	11896	14825	4853	28868	29588	35880	44956	34032	35135	30324	80151	48495	68431	59683	64259	47083	54696	68906	92790	92389	74683	83308	72756	102740	99532	80000	67623	96882	123882	100452	103306	91287	68025	77759	76759	73866	64222	65958	92219	88043	102121	81142	106370	78700	55910	69832	42757	54096	55198	49825	39837	48946	33083	23327	46951	11633	9486	13123	5943	3219	3111	3721	0	2943	2834
0	0	0	0	0	0	0	7826	0	0	0	3679	0	3679	0	3661	0	15407	13421	70860	101909	118215	198719	216126	202407	412029	453911	496724	473304	337103	306617	284477	278571	191491	188500	190571	144795	194078	118468	143897	153542	97510	169187	127094	177698	93792	121806	91804	109817	64862	97385	126493	78990	130098	106803	102841	124140	89763	73828	71916	62762	61029	68678	27675	52402	15543	34064	18606	15457	17408	12122	43497	23514	4305	13628	3371
0	0	0	0	0	0	0	0	0	4752	0	4162	4162	0	0	0	4162	11480	0	20513	20797	13713	21446	54489	40242	144379	167528	249451	314160	395334	428251	789876	697590	846149	598144	460971	498424	392858	351954	310206	313328	151686	178271	212906	117176	170308	118304	92393	95434	118135	58339	90121	81204	102692	66533	104077	82226	34041	52116	31362	59404	51437	47784	56511	32985	34468	24720	35076	33428	29704	15656	11267	6616	3509	2576	0
0	0	0	0	0	0	0	0	0	41240	51986	13747	11621	42011	12720	27493	30391	87980	56713	104274	98587	157872	168554	236185	146264	246999	277528	294733	200067	336317	296376	418921	288171	368344	232879	269581	262708	202621	289642	310793	413913	468046	613573	401872	468037	544728	445820	426149	235594	220513	134692	225423	204186	131345	139525	106676	81745	106469	132226	122866	133083	95137	95315	64530	72865	114879	71767	80156	29656	17695	0	13331	13500	9373	7387	0
#0	0	0	0	0	0	0	0	9748	0	0	7294	24220	0	14678	38161	10531	5292	5286	0	0	8409	3657	38649	29123	5264	15690	0	54780	92853	0	16351	31521	66494	64144	139579	59476	293818	31760	63955	122425	209314	69624	78969	17770	23299	21803	9679	11811	19173	9988	8715	3533	12963	0	44527	8830	0	9147	32850	13772	11018	0	0	0	4259	7606	5462	4166	0	15321	0	0	0	0	0
#(49	AI	females)
#size	comps	for	Aleutian	Islands	survey	females	since	1991	except	for	2010	where	there	is	age	data
17472	75287	241654	330122	393084	307960	436478	575537	628038	362551	429892	325203	510630	580830	630606	602606	746048	718554	662202	723785	766675	829920	773227	890389	918498	847022	783777	502557	526777	451771	604665	397554	584232	390116	497844	550752	406212	261927	250391	244541	120080	198183	193724	167729	167346	160108	186964	192614	129482	170830	175005	153914	72275	101989	80280	22603	79387	97679	49783	54589	91114	107701	158486	107322	111639	91757	64831	73602	22294	35061	42958	22393	20664	7431	0	0
18397	110878	286705	330239	529565	538982	619230	615962	652034	803365	627298	809129	653303	765909	889843	894957	1025356	1097589	1136633	1162970	1326597	1295710	1255264	1227686	1358102	1330687	1567109	1452270	1365445	1528342	1413852	1763212	1491944	1675870	1153961	1170331	1219691	1215651	1195344	979548	1065708	1018305	1029193	1094672	1211086	1038297	992007	1107840	603301	605498	576750	499634	415592	359740	238189	350939	297692	244596	219156	172624	148024	121117	77565	84190	103593	74373	91776	60911	37900	57670	34714	0	3850	3768	10136	0
156703	295210	630438	868199	1068024	1098859	924456	1176522	985771	963100	1033276	1092559	1523478	2044539	1550314	2610713	1530325	1476587	1854578	1706606	1507669	1496411	1200214	1383132	1321357	1394654	1295721	1339947	1383811	1583009	1578943	1660736	1355795	1348382	1083944	1059845	1544545	1312358	1120813	1357695	1499705	1284485	1002358	1149218	972789	1024424	935510	833346	914199	779864	765866	515084	543499	639970	445228	443587	400819	290491	293438	148213	223347	225754	226457	118032	99466	93238	66505	34581	50692	4041	39917	37749	17708	9989	4041	0
111566	272964	607844	1228588	1821312	1281149	1139708	1198657	1361885	1202885	2139986	2515147	2166384	3028754	2781790	2198307	2003656	2220131	1464070	1822398	1233817	1478983	1182306	1617974	1675364	1383237	1860221	1423951	1342130	1515787	1155261	978579	1054774	961580	702163	770948	916237	820624	1086937	804182	1157188	1025317	1006396	707910	876072	806784	566576	616278	566456	634015	486602	449911	398123	369490	337585	395005	406536	386543	294995	333700	429984	410050	188544	145039	196513	123044	159527	124918	120182	223200	45152	38518	44227	0	14813	40673
41465	161745	482609	727657	832524	1067479	681261	1475824	1671742	2263805	2481510	2569726	2139546	2201251	2212737	2058753	2282402	2847082	2698339	2776653	2356314	2430388	1943884	2463681	1900413	1945416	2151788	1586940	1587186	1607115	1585601	1557544	1264583	1478405	1182927	1414764	1014339	1286654	1072410	1239663	1332673	1180209	1526271	1341121	1221146	1512247	929990	1101617	1217881	1227532	1334361	1016579	956128	982360	1149073	882395	948809	829962	472786	523737	274067	401631	391671	190212	358588	254957	232142	153738	203333	192984	90388	96486	85321	20578	28067	30849
253905	258006	263713	853844	907483	923705	791429	789486	973171	1072452	1366608	1166316	1263563	1669549	1660874	1699953	1824529	2124070	1909612	1865545	1789976	2104869	2266449	2327071	2783737	2266947	2773154	2317003	2070279	2370940	2139701	2119798	1634139	1505496	1532379	1334469	1384347	1157439	1527585	1444269	1197858	1141779	1496069	1041174	1517874	1286293	1197846	1130537	774955	937086	786670	800240	786672	660014	493073	584457	571207	451420	367084	348768	340294	297470	250798	256482	266351	120280	231607	221262	128352	117953	48240	99205	63670	48339	23365	61415
40398	159171	181627	657681	1045495	1339533	1036894	972228	847409	1416106	1146414	1715744	1558205	1441903	1297508	1541535	1117126	1307710	1614891	1476265	1512373	1630772	1874553	2046214	2791431	2248305	2263437	2132208	2595233	2491467	3066934	3492440	2900327	3421397	4397860	5087509	3884233	3292585	3523925	2920424	3558253	3470316	3383656	4034115	2788193	3105896	3064112	3063502	3245449	2451070	2740068	1589798	1795970	1288014	1005148	1059508	799301	744668	726834	472932	301398	371443	366058	177192	372885	151396	129354	259905	162794	150428	161975	131859	104336	132114	104508	74319
8233	14247	71457	92324	115905	137603	95370	198475	117857	179585	176533	299502	278188	259056	181942	319254	297722	229940	224209	261248	227089	188503	236594	140505	146065	119297	169914	89029	96235	62225	81847	48610	105103	35969	73910	89093	86539	138655	87198	110199	153183	107903	157741	72448	174400	120421	36101	92186	78539	82374	113322	60975	54496	88245	74073	64631	76932	108459	170707	121450	65614	178513	44268	22122	67418	54915	130244	118601	118929	14521	57088	17190	5492	14820	14684	14521
255565	500076	633942	1122966	1546404	1464435	1321490	1332539	1126886	1257557	1495251	1483930	1688408	1776967	1811543	2032016	1855884	1710482	2053646	1777707	1528354	1628110	1588461	1364951	1564516	1285583	1368013	1193074	1456362	1347295	1288034	1332488	1431057	1345012	995329	1203256	1115975	1386398	1382430	1710198	1308843	1325566	1441466	2032494	1769829	2063328	1553674	2085363	1691459	2053323	1929852	1945709	1634091	1860857	1503268	1533704	1453467	1392587	1148177	1049648	863372	1376372	1084451	596563	832880	650338	758322	618273	529751	486068	474461	287750	289084	136454	109092	71106
26428	68829	179081	87022	312151	284452	368276	579199	375207	301381	168886	152981	163062	207834	189929	188593	92808	148631	343789	84708	155141	100808	77094	80526	107434	102936	98112	97788	150957	137679	58887	66881	90376	29841	147574	105989	42164	56518	111740	26204	97396	28511	62275	200433	113803	137219	123339	93269	148524	34141	174226	77547	25561	61389	76925	87845	38290	106762	65643	62242	32522	16023	25344	90052	47416	61243	28165	57879	64614	31024	12168	58805	9381	27997	0	1799
#(50shelf)	size	composition	for	shelf	survey	males	1991-2016
75325	217037	160417	15497	167814	0	28351	267235	290604	669802	253380	1175488	277281	758670	777129	976111	2044240	2690386	2243584	2675818	3161919	1969324	2161305	1787634	1714206	718009	661497	889175	1258296	300961	778403	513210	388772	155511	414039	267598	177294	115274	91609	0	66322	0	0	0	0	0	0	0	0	0	0	0	0	0	0	0	0	0	0	0	0	0	0	0	0	0	0	0	0	0	0	0	0	0	0	0
155912	770232	1093824	1225060	217429	41328	143642	490212	219866	710070	577148	293948	168831	398864	510700	897896	1131838	862658	456419	1177203	2681628	1988195	1676421	1836324	2425054	1826508	1695701	1626766	1491406	938355	2130973	455955	831283	820445	477638	1000772	904277	79232	108421	86525	93562	0	123049	0	0	0	0	0	0	0	0	0	0	0	0	0	0	0	0	0	0	0	0	0	0	0	0	0	0	0	0	0	0	0	0	0
98461	934254	789555	1245919	383672	92334	27848	401985	764201	475040	434925	212614	368681	242901	585941	713405	622606	312950	417721	366907	841086	1155771	1130204	1030694	985007	1899433	1817010	1529730	1427550	1146872	1171205	1259691	599891	579473	437020	245932	547631	66912	259644	174851	23775	23775	0	23775	0	0	0	0	0	0	0	0	0	0	0	0	0	0	0	0	0	0	0	0	0	0	0	0	0	0	0	0	0	0	0	0
28233	314249	86199	179084	369479	164320	388862	211780	403312	874538	1012885	1008016	1259408	925124	1595214	1025209	1420070	1193274	1070434	588604	291020	506657	588901	1293732	703850	1372839	1507692	1888910	1598868	1117350	1394971	2073908	1974048	865652	1185757	687619	879494	166637	597033	259097	106071	52493	282534	0	0	0	0	0	0	0	0	0	0	0	0	0	0	0	0	0	0	0	0	0	0	0	0	0	0	0	0	0	0	0	0	0
45723	180650	83165	89560	81880	134535	142384	269410	88594	109412	304012	139859	168319	246136	652517	434553	1218798	530429	1011403	855117	767673	924111	550249	246426	391813	234870	252063	457923	709193	406733	253649	901523	865355	630057	632933	617546	839872	1067810	325930	297437	177339	79843	210478	68482	0	0	133271	0	0	0	0	0	0	0	0	0	0	0	0	0	0	0	0	0	0	0	0	0	0	0	0	0	0	0	0	0
75325	64125	60856	268708	92314	99544	60924	132936	130662	355944	259864	409983	185714	187671	95923	334812	328406	391301	264908	118948	406466	451118	441255	846204	571459	740925	770898	628467	465980	534894	273289	631939	244121	487444	504138	456576	591063	209825	169446	0	30251	41574	89423	29840	89852	89852	38380	0	0	0	0	0	0	0	0	0	0	0	0	0	0	0	0	0	0	0	0	0	0	0	0	0	0	0	0	0
28414	820627	581559	788580	618886	459298	577664	228936	575813	308668	419534	210682	313328	173028	106359	31035	102235	119681	123548	197887	85787	60188	221829	204294	308883	962018	415070	791275	831493	592272	516829	702523	359805	388424	475822	213789	169801	156390	83374	114657	19926	102235	0	28868	0	0	0	0	0	0	102235	0	0	0	0	0	0	0	0	0	0	0	0	0	0	0	0	0	0	0	0	0	0	0	0	0
168011	591129	470250	628186	581700	165528	330255	459415	384740	662457	875359	1180009	1114424	557521	500036	530405	392725	535420	527743	607689	170188	101575	120471	216365	260889	305124	358674	612488	510133	364557	800959	485903	291388	410052	212952	534349	336781	257902	155015	286920	51305	27613	37186	0	73982	0	63626	0	0	0	0	0	0	0	0	27016	0	0	0	0	0	0	0	0	0	0	0	0	0	0	0	0	0	0	0	0
151164	500358	1716229	732093	954426	57896	133580	333035	300345	595943	1565783	1224205	801368	614666	406705	945371	766871	1441416	1060889	441103	406259	225573	140476	264120	123949	203432	46871	249684	80031	148923	260366	389520	466175	121571	340297	238614	0	213423	180653	56171	92633	0	0	63809	0	27882	0	0	0	0	0	0	0	0	0	0	0	0	0	0	0	0	0	0	0	0	0	0	0	0	0	0	0	0	0	0
204444	185782	57868	94601	0	212607	344578	659432	887042	1502467	1331240	983595	629661	349142	421347	1329727	1197496	1577911	631576	794589	342912	1099566	694945	847237	704137	490434	663920	213747	386565	204387	185312	180962	203150	258546	221242	191768	68005	51235	120004	232608	207619	16649	20860	0	0	26388	0	26388	0	0	0	0	0	0	0	0	0	0	0	0	0	0	0	0	0	0	0	0	0	0	0	0	0	0	0	0
70024	22711	36324	183156	59479	168622	136934	279007	206695	549539	693344	521288	156517	472696	1050932	1626935	1744884	1574136	940120	521122	1417932	905596	1410990	818047	1271934	908230	1213049	832674	574231	532187	435503	339895	270306	129638	82116	309936	282067	167512	208159	173929	338487	0	41860	68680	27421	0	0	27421	0	0	0	0	0	0	0	0	0	0	0	0	0	0	0	0	0	0	0	0	0	0	0	0	0	0	0	0
732377	724428	859417	531098	858716	254212	105367	193984	267825	404448	633163	498223	630524	328176	467015	603975	441890	714810	635667	868871	789846	1038941	1254600	430805	276590	605797	589354	525157	562673	205566	282252	468145	307850	602035	16183	300786	198788	109476	0	420267	255803	75520	0	26842	0	0	0	0	0	0	0	0	0	0	0	0	0	0	0	0	0	0	0	0	0	0	0	0	0	0	0	0	0	0	0	0
31811	202104	469783	640398	971732	871660	673369	858037	1220428	1567749	1338317	1204831	1290682	1219516	843103	585715	296329	897644	570285	1016462	465065	526669	592305	1085407	800510	853740	807318	760062	585849	569623	668622	445640	251795	336777	201816	239577	336592	100039	225804	340803	195024	113764	157197	130339	40913	32146	28750	0	0	0	0	0	0	0	0	0	0	0	0	0	0	0	0	0	0	0	0	0	0	0	0	0	0	0	0	0
967269	2807529	4597613	8839667	9036447	8039927	5752725	2798037	1909736	1565833	1474427	1883039	1098552	1949979	1092440	1507863	1054285	1433273	1568909	1088844	756017	478326	735206	343166	439467	456841	218114	242394	310292	334317	335281	277650	239175	388547	138070	271799	52516	26592	188637	63270	75425	238740	76410	19782	0	0	0	0	0	0	0	0	0	0	0	0	0	0	0	0	0	0	0	0	0	0	0	0	0	0	0	0	0	0	0	0
1455676	1538441	1849135	1845648	2348564	2219498	3492923	3750759	2521591	5835158	6105666	6403820	7012091	6700093	4950453	3194150	2697033	1851217	2985193	2263586	1735921	1205242	973001	817650	696206	157053	535811	186367	132348	296115	236830	68723	165085	130164	212680	120949	27698	273628	0	97453	324784	25437	0	0	64702	158777	0	0	0	0	0	0	0	0	0	0	0	0	0	0	0	0	0	0	0	0	0	0	0	0	0	0	0	0	0	0
111115	302008	364281	694204	1042539	666511	866219	978020	1549329	2160536	4461542	5132219	5562360	8590275	7349114	5828350	7433149	8060801	6573195	6495715	5580052	4949691	2522108	1745376	1192229	1297294	708471	876972	440293	437877	172966	420005	110752	195423	190936	55673	240107	74757	225557	28371	56111	26789	46727	0	75028	0	18608	28387	0	0	0	0	0	0	0	0	0	0	0	0	0	0	0	0	0	0	0	0	0	0	0	0	0	0	0	0
671498	2555832	2003365	1155114	570166	95179	187115	367893	335171	536603	656418	1033397	624539	990986	2012501	2505798	3538786	4825783	5278782	5668277	4679592	6340846	5591529	4836403	3291595	3396430	652389	1549834	351478	632307	660747	131039	388756	64258	239972	133148	519446	35966	176037	0	57045	117861	84843	27891	0	50353	35661	0	0	0	0	0	0	0	0	0	0	0	0	0	0	0	0	0	0	0	0	0	0	0	0	0	0	0	0	0
313751	689148	964143	704187	890392	1109362	1470121	1963838	1413814	862053	492705	391697	692004	880529	826070	1247157	1188254	1083146	1654396	3379970	4087941	4861713	3585641	4821929	4049289	4798970	3246833	3199572	1229522	1306692	1016260	1059207	115879	543723	132403	189084	129123	153320	341378	156223	29112	255749	29174	108506	0	35429	0	0	0	0	0	0	0	0	0	0	0	0	0	0	0	0	0	0	0	0	0	0	0	0	0	0	0	0	0	0
198781	410340	631482	643524	357223	363969	661860	276777	961421	616185	1195020	486167	1156892	1121661	1386382	934092	655716	523379	784509	557104	577032	1151616	2148211	1404874	1820116	1549270	2505464	2334848	2633212	1658510	1147049	911139	720131	450580	150439	225927	0	51249	56087	0	83828	54509	0	0	134447	0	54509	0	0	0	0	0	0	0	0	0	0	0	0	0	0	0	0	0	0	0	0	0	0	0	0	0	0	0	0	0
1668134	4969078	4828928	4354360	2098000	1877330	3206549	3932392	2392933	1736141	793705	722859	568544	1439710	1010858	1200555	1995541	1068114	1718467	1557812	1182882	1110488	641108	823579	498237	1062842	1597041	2493416	2713884	2839483	2082017	2468759	717140	1361583	343955	328701	120275	211770	20333	0	77630	68931	102984	98634	0	0	0	0	0	0	0	0	0	0	0	0	0	0	0	0	0	0	0	0	0	0	0	0	0	0	0	0	0	0	0	0
385152	512411	1312311	434474	952757	487332	685904	941299	3030359	1808242	2668595	2034608	1621445	1636830	2058528	749975	508870	484657	710639	626449	1319805	1232292	1047364	529366	839613	798311	575048	652621	820040	1137643	1208677	1817121	1287732	1425525	893631	464460	137964	143866	181339	64645	117448	78680	79793	103452	0	31994	0	0	0	0	0	0	0	0	0	0	0	0	0	0	0	0	0	0	0	0	0	0	0	0	0	0	0	0	0	0
1141908	1634802	1830611	2085216	1451841	1000674	1644252	1775022	2175588	1818706	1752966	2268779	2086465	3243605	2671672	2970066	2021340	1828143	1382927	952998	1278172	1122038	592736	1223061	794531	1040486	253416	700573	454146	950644	478737	1091069	519542	778941	687065	467442	232970	123434	185253	124678	181965	126818	0	114333	0	0	54746	0	0	0	0	0	0	0	0	0	0	93684	0	0	0	0	0	0	0	0	0	0	0	0	0	0	0	0	0	0
340480	772482	663366	408430	305992	371962	488570	1264674	1687535	2433803	3224123	2903427	2541905	2143508	2052044	2932785	2114253	3046930	3150177	3567090	2245964	2070973	1543801	1087556	522345	650353	850536	662096	814970	510298	889945	455434	702355	348169	481183	446748	202787	196104	79979	45897	0	28184	174811	0	66562	0	50586	0	0	0	0	0	0	0	0	0	0	0	0	0	0	0	0	0	0	0	0	0	0	0	0	0	0	0	0	0
1303325	1428345	1756142	1737924	1300014	999555	1042788	974831	1529201	1379665	1422772	1762815	1528031	1978827	2834709	5130933	4429954	5074092	3784850	3081158	2679272	1736785	1810172	2367036	2261644	2162841	1581238	549585	770750	421218	1676665	347544	633146	196071	935541	786773	152681	582908	125603	77545	96453	154348	298687	57574	88353	55835	0	27917	0	160817	0	29657	0	0	0	0	0	0	0	0	0	0	0	0	0	0	0	0	0	0	0	0	0	0	0	0
1599379	1660782	988951	969187	998595	828613	762928	529851	992111	1061814	1490283	2083515	2816898	2310178	1439925	1794428	1722058	1571531	2139454	1742661	2283467	3866793	3392906	3621560	2229518	1966990	2214007	1874967	1742112	1822144	1141108	949290	460472	602549	470587	317305	225518	356932	268848	203469	163273	19352	51260	17635	77864	17631	0	0	43925	0	0	0	0	0	0	0	0	0	0	0	0	0	0	0	0	0	0	0	0	0	0	0	0	0	0	0
668778	1062860	1503296	1152205	1514985	2791413	2382929	2933590	1993612	2216337	1581182	1586579	1760284	1948155	1288154	1831927	2186170	2267819	1439589	2067600	1919922	1662503	1743500	1768144	1692539	2372843	3197533	2108503	1744734	1592769	1221923	1348836	660517	680921	392547	374455	583240	470240	185201	108349	21294	78422	0	0	0	90761	18915	0	0	0	0	0	0	0	0	0	0	0	0	0	0	0	0	0	0	0	0	0	0	0	0	0	0	0	0	0
#(50slope)	males	2004	2008	2010	2016	(age	data	in	2012)	
0	0	0	4283	4283	0	4283	0	3089	16248	11727	32533	21481	58398	72338	109178	120030	114183	85168	137886	135039	181387	227558	144378	111580	91831	157628	229193	196276	229475	216797	270347	224497	371993	362889	351945	403413	277822	318049	282669	267434	231155	164313	101211	81059	87432	27658	26639	6978	7893	3489	6171	3838	3085	0	0	3085	0	0	0	0	4583	0	0	0	0	0	0	0	0	0	0	0	0	0	0
0	0	0	0	0	4387	3662	0	0	0	0	0	3699	0	15501	24902	31290	67711	115110	220175	314107	332940	641315	619315	767413	1001313	1170962	1100411	766826	505504	538533	450584	536835	342340	472786	486590	523554	383578	468285	233651	284753	197891	220332	210762	119294	86731	59208	62265	29796	6714	13389	3729	0	0	0	0	0	3912	3638	3638	0	0	0	0	0	0	0	0	0	0	0	0	0	0	0	0
0	0	0	0	0	0	5638	0	0	3846	4162	0	4913	16355	9584	20432	17545	56887	35718	64277	58309	87455	130014	190356	214015	389941	576310	805133	1130213	1058227	1182386	1082991	817234	679262	479253	539263	330472	339172	283373	290771	223719	318689	194695	256894	130259	122748	101390	74819	39413	17794	8633	11810	18935	5253	0	0	0	0	0	0	0	0	0	0	0	0	0	0	0	0	0	0	0	0	0	0
0	0	0	0	0	0	13747	0	13553	13747	0	54987	35896	70824	137746	98603	76145	306789	158105	221448	247303	379417	778511	612114	808986	949227	666895	768237	872440	852948	919921	760738	526733	986174	1072436	897363	1065045	638345	635900	758509	445650	499743	462548	368678	273337	299785	137785	181165	108247	76193	7387	7387	8907	4529	8907	0	0	16202	0	0	0	16202	0	0	0	0	0	0	0	0	0	0	0	0	0	0
#(50AI)size	comps	for	Aleutian	Islands	survey	males	since	1991 except	for	2010	where	there	is	age	data
95282	114849	182097	237122	207169	336184	298264	297121	312083	188316	345591	561272	507984	421698	640115	584952	1092366	784892	1097157	1054337	1020745	730998	927887	836510	576719	730966	400647	436337	304136	346411	368824	159085	235398	133390	184284	156902	204405	186467	153810	175493	99930	168967	121533	182506	110550	144798	71312	83040	94324	42616	7476	4446	14725	4446	0	0	0	0	0	0	0	0	0	0	4693	0	0	0	0	0	0	0	0	0	0	0
82256	181073	357014	547802	422867	532616	492989	476506	428216	464361	527137	468292	488302	736956	823642	1009709	1196842	1194956	1246567	1349670	1165488	1559565	1523783	1418766	1429250	1751430	1798512	1611178	1491980	1965583	1574826	1138371	1176554	1065872	871492	987360	722920	1023944	1173745	1513223	1488385	1277898	1744613	1030085	1037006	729461	702588	551940	326824	121731	51207	96059	3449	11305	0	6724	0	0	3768	0	10574	0	0	0	0	0	0	0	0	0	0	0	0	0	0	0
205402	588710	792419	894382	1045104	1120108	907183	535912	893322	1231088	1130435	1633437	1625410	1343665	1295313	1278968	1419241	1357818	1665498	1135973	1248003	933882	1340972	1134287	1293112	1298594	1249638	1675687	1389027	1975058	1789885	1727783	1549083	1217368	1377984	953433	818927	826839	635507	871668	908088	872773	699164	788332	674593	788783	562696	401678	251287	225117	174911	77574	29634	13784	16080	6431	0	0	0	0	0	2183	0	2183	0	0	0	0	0	0	0	0	0	0	0	0
164882	302094	466538	1453678	1345392	1090208	1107238	909734	1014789	1377369	1853167	2021870	2346248	2575333	2244062	2580956	2412533	1852853	1823603	1967368	1663799	1728614	1849865	1987062	1489136	1189660	1009727	1178723	1013432	926106	1301896	1550883	1297742	1353808	893489	802136	607632	608674	634558	463276	579178	467158	600866	565843	586271	626345	536340	394788	372157	199566	241794	85604	23028	68683	65074	8370	13790	5991	6367	91207	0	9645	9479	2788	12839	0	0	28772	0	0	38179	38179	42894	4931	28082	4533
90657	316339	616624	625748	534783	516234	674641	611731	999076	1431662	1836357	1474984	1344135	1071346	1761440	1868780	2211495	1760278	1523062	1308424	1463134	1800396	1832337	1559605	1617485	1414636	1464359	1172663	1766517	1911713	1704017	1634606	1185813	1171584	1229341	1232802	1042798	855476	667153	446579	416347	416091	437621	336228	461796	451246	450775	472761	383580	501059	497641	132194	157341	100747	55222	29073	66356	44457	31697	21067	28246	35734	26370	0	0	16079	73940	18845	22515	8336	55942	3587	18918	11499	19318	17711
73247	205115	509644	880309	1170974	629587	851097	837950	790478	888800	969447	1104546	1141816	1320934	1388677	1368229	1722052	1668848	1225588	1180419	1332440	1432032	1404166	1577905	1464451	1453327	1558583	1848894	1506412	1507978	1680278	1150022	1208035	1310921	1182154	1127718	1092303	805943	684140	773470	874939	725535	790421	756901	916837	796883	1008568	659822	671808	423057	281687	186069	125508	81224	84606	50689	16110	12474	29561	13885	4249	19248	9313	0	26651	2273	9298	43239	25714	8950	14502	27194	18818	5173	14023	22683
96454	378527	737718	994580	958039	657700	623318	910805	1017722	1120481	1278210	1255206	1476850	1441335	1150169	1388564	890959	1079954	994753	1223383	1219268	1217861	1490379	1069062	1374108	1858175	2562030	3558562	3415753	3518004	3211957	2614671	2951943	2232520	1913343	1229868	1415849	1339934	738358	1091580	750310	597181	804397	817602	882182	833711	794440	614340	728343	524202	514886	197793	210022	116286	104586	54501	94612	138426	24611	105226	33785	14320	76679	25349	68491	7429	7650	35440	121592	38735	7429	19510	25909	37533	48580	19259
12919	19631	3275	57999	144169	152974	160917	169793	226469	259664	182956	194243	168338	327434	473426	402156	430390	338320	321294	341351	370398	350000	309086	361672	230716	177281	114511	161436	129646	127787	101394	180824	175158	227263	276481	271689	403842	278233	170773	246717	471297	452977	297987	293130	536824	571824	562924	804159	598610	773817	521171	359341	259215	225529	109086	58329	11985	18638	0	0	0	0	0	0	0	0	0	0	0	0	0	0	0	0	0	0
378726	639712	957274	1757902	1725891	2050324	1567118	1514459	1507275	1696719	1575917	1769683	2256913	2525986	2793341	3069489	3097853	2602323	2489339	2447462	2525016	2407467	2855127	2463485	2323632	2539043	2655149	2629153	2728515	2561416	3009884	2569693	2904940	3005529	3490475	3642358	4016054	4271512	4063115	5568711	5306526	5251677	6169464	5641493	6177001	6546392	6501150	5540759	4949800	4323867	2840332	1931619	1152292	868167	547391	122379	52495	42339	3768	8892	10574	18787	11258	2183	7581	0	0	0	0	4809	0	0	0	0	0	0
8719	99157	177123	241409	557076	428016	800042	604948	491752	381479	321152	252308	360726	286976	234946	301961	319890	395871	240052	339091	221173	237232	317008	150398	265105	191940	179991	210920	247073	357539	230681	209580	212554	142299	62431	46030	223029	67013	98966	266344	306956	318031	182195	239324	288802	395283	273713	395261	344038	476578	473550	392201	296389	263876	184272	79975	90620	26408	12412	0	0	0	0	0	0	0	0	18019	18019	0	0	0	0	0	0	0
#(51) fishery catch
2205.2	1038.2	933.8	1436.6	928	1465.2	1005.4	1524.1	1057.3	1292.9	1390.8	1154	1283.4	1780.9	1368.5	1330.9	1183	6819	12802	21153	9935	9514	7772	6220  4994   4533
#(52) obs_srv  shelf survey biomass tons
37152 50081 38376 56268 28393 24196 18282 23474 18974 21551 31120 25213 27531 29663 46084 61644 65191 53967 47252 51927 46094 42850 46380 58036  60331 55324
#(52slope)
18644.8602	14740.2017	24822.4058	27874.6369	32787.36592    21369
#(52AI)
16255.3	49155.5	37663.9	28534.9	49035	39219	45368.8	53961	35100	45157	27968
#(53shelf) #shelf survey biomass standard error 
4028 5622 3311 6520 2977 2372 1893 2039 2625 2362 2818 3144 3094 2785 3438 5057 5108 5277 5033 4364 4056 3378 3616 1362 3620 3153
#(53slope)
2007.474	1449.076	4700.647	2796.369	7120.933909   2073
#(53AI)
4458.247022	18522.86131	9588.499859	6600.946073	13635.68047	9218.895962	11058.50811	20566.65694	13978	16754	6433
#(54fem) female wt at ages (kg) 
37.74658438	92.90477181	178.7904455	295.9739667	442.7276229	615.8225018	811.1822775	1024.38334	1250.97412	1486.747382	1727.847415	1970.862293	2212.872214	2451.407212	2684.466491	2910.454943	3128.150795	3336.659842	3535.371248	3723.917107	3902.08078	4069.894089	4227.446652	4374.977461
#(54mal)
42.72195769	104.0414256	194.2740877	309.6021707	444.3753096	592.4905202	748.202309	906.5262185	1063.412741	1215.74877	1361.269697	1498.437256	1626.334807	1744.509206	1852.853895	1951.572945	2041.025922	2121.698803	2194.188174	2259.077288	2317.008985	2368.609655	2414.442263	2455.099808
#(55) maturity at ages from stark
0.003	0.005780315	0.011861793	0.024185954	0.048683808	0.095565328	0.179093677	0.310560547	0.481882935	0.657573611	0.798589189	0.891145928	0.944143908	0.972145203	0.986312632	0.993323749	0.996755357	0.998425906	0.999237008	0.999630319	0.99982092	0.999913259	0.999957987	0.999979652
#(56) length age transition matrix - female length-age conversion matrix ages 25-Feb and length 15-90; ages in row and length bins in columns
0.03223105 0.107053532 0.219350282 0.277259244 0.216194438 0.103995283 0.030859821 0.005649159 0.000637947 4.44E-05 1.91E-06 5.06E-08 8.28E-10 8.36E-12 5.20E-14 2.00E-16 4.73E-19 6.91E-22 6.23E-25 3.46E-28 1.19E-31 2.51E-35 3.28E-39 2.64E-43 1.31E-47 4.02E-52 7.61E-57 8.87E-62 6.38E-67 2.83E-72 7.76E-78 1.31E-83 1.37E-89 8.78E-96 3.48E-102 8.51E-109 1.28E-115 1.20E-122 6.87E-130 2.43E-137 5.32E-145 7.17E-153 5.96E-161 3.06E-169 9.68E-178 1.89E-186 2.28E-195 1.69E-204 7.75E-214 2.19E-223 3.83E-233 4.12E-243 2.73E-253 1.12E-263 2.83E-274 4.41E-285 4.24E-296 2.51E-307 9.19194312118264e-319 0 0 0 0 0 0 0 0 0 0 0 0 0 0 0 0 0 
8.33E-06 7.97E-05 0.000574505 0.003116602 0.012726074 0.039114057 0.090489172 0.157574407 0.206538047 0.203769776 0.151322946 0.084585345 0.03558859 0.011270722 0.002686693 0.000482069 6.51E-05 6.62E-06 5.06E-07 2.92E-08 1.26E-09 4.13E-11 1.01E-12 1.87E-14 2.61E-16 2.73E-18 2.15E-20 1.28E-22 5.71E-25 1.92E-27 4.86E-30 9.26E-33 1.33E-35 1.43E-38 1.16E-41 7.12E-45 3.28E-48 1.13E-51 2.96E-55 5.81E-59 8.58E-63 9.55E-67 7.99E-71 5.03E-75 2.39E-79 8.52E-84 2.29E-88 4.63E-93 7.05E-98 8.08E-103 6.97E-108 4.53E-113 2.21E-118 8.13E-124 2.25E-129 4.69E-135 7.36E-141 8.69E-147 7.73E-153 5.17E-159 2.60E-165 9.86E-172 2.81E-178 6.04E-185 9.77E-192 1.19E-198 1.09E-205 7.50E-213 3.89E-220 1.52E-227 4.47E-235 9.89E-243 1.65E-250 2.06E-258 1.95E-266 1.38E-274 
4.62E-09 5.63E-08 5.65E-07 4.68E-06 3.19E-05 0.000179542 0.00083257 0.003182711 0.010029871 0.026056434 0.055802821 0.098518745 0.143384802 0.172031867 0.17015167 0.138734689 0.093251419 0.051671059 0.023602653 0.008887831 0.002759004 0.000706042 0.000148946 2.59E-05 3.71E-06 4.39E-07 4.28E-08 3.43E-09 2.27E-10 1.24E-11 5.58E-13 2.07E-14 6.33E-16 1.60E-17 3.32E-19 5.68E-21 8.03E-23 9.35E-25 8.97E-27 7.10E-29 4.63E-31 2.49E-33 1.10E-35 4.03E-38 1.21E-40 3.01E-43 6.17E-46 1.04E-48 1.45E-51 1.66E-54 1.57E-57 1.22E-60 7.86E-64 4.16E-67 1.82E-70 6.54E-74 1.94E-77 4.75E-81 9.58E-85 1.59E-88 2.18E-92 2.46E-96 2.29E-100 1.76E-104 1.11E-108 5.82E-113 2.50E-117 8.87E-122 2.59E-126 6.24E-131 1.24E-135 2.03E-140 2.74E-145 3.05E-150 2.80E-155 2.12E-160 
1.22E-11 1.50E-10 1.60E-09 1.48E-08 1.18E-07 8.22E-07 4.94E-06 2.57E-05 0.000115993 0.000453271 0.001534492 0.004500409 0.011434579 0.025169195 0.047995371 0.079288514 0.113475498 0.140693752 0.151122254 0.140625127 0.113364827 0.079172548 0.047901798 0.025107872 0.011401156 0.004485065 0.001528514 0.000451285 0.000115429 2.56E-05 4.91E-06 8.17E-07 1.18E-07 1.47E-08 1.59E-09 1.49E-10 1.21E-11 8.49E-13 5.17E-14 2.73E-15 1.25E-16 4.94E-18 1.69E-19 5.03E-21 1.30E-22 2.89E-24 5.59E-26 9.36E-28 1.36E-29 1.70E-31 1.86E-33 1.75E-35 1.43E-37 1.01E-39 6.20E-42 3.30E-44 1.52E-46 6.05E-49 2.09E-51 6.25E-54 1.62E-56 3.64E-59 7.08E-62 1.19E-64 1.74E-67 2.20E-70 2.41E-73 2.29E-76 1.88E-79 1.34E-82 8.29E-86 4.43E-89 2.05E-92 8.24E-96 2.86E-99 8.63E-103 
1.16E-13 1.34E-12 1.39E-11 1.29E-10 1.06E-09 7.84E-09 5.16E-08 3.04E-07 1.60E-06 7.48E-06 3.13E-05 0.000117229 0.000391571 0.001167973 0.003111019 0.007399813 0.015717618 0.029812652 0.050496637 0.076378694 0.10316442 0.124433004 0.134026035 0.128911212 0.110723587 0.084925388 0.058167831 0.035577558 0.019431993 0.009477777 0.004128037 0.001605568 0.00055765 0.000172959 4.79E-05 1.18E-05 2.62E-06 5.16E-07 9.09E-08 1.43E-08 2.01E-09 2.52E-10 2.82E-11 2.82E-12 2.52E-13 2.01E-14 1.43E-15 9.10E-17 5.17E-18 2.62E-19 1.19E-20 4.80E-22 1.73E-23 5.59E-25 1.61E-26 4.14E-28 9.51E-30 1.95E-31 3.57E-33 5.84E-35 8.53E-37 1.11E-38 1.30E-40 1.35E-42 1.25E-44 1.04E-46 7.69E-49 5.08E-51 3.00E-53 1.58E-55 7.46E-58 3.14E-60 1.18E-62 3.95E-65 1.18E-67 3.16E-70 
2.88E-15 3.09E-14 3.01E-13 2.68E-12 2.17E-11 1.60E-10 1.08E-09 6.59E-09 3.68E-08 1.87E-07 8.66E-07 3.65E-06 1.40E-05 4.92E-05 0.00015693 0.000456115 0.001207753 0.002913519 0.006403152 0.012820526 0.023385901 0.0388632 0.058838173 0.081155133 0.101978587 0.116744968 0.121759691 0.115692469 0.100148125 0.07897993 0.056744902 0.037142672 0.022149076 0.01203301 0.005955649 0.002685469 0.001103182 0.000412868 0.00014077 4.37E-05 1.24E-05 3.19E-06 7.49E-07 1.60E-07 3.13E-08 5.55E-09 8.98E-10 1.32E-10 1.78E-11 2.18E-12 2.43E-13 2.46E-14 2.28E-15 1.92E-16 1.47E-17 1.03E-18 6.57E-20 3.82E-21 2.02E-22 9.73E-24 4.27E-25 1.71E-26 6.23E-28 2.07E-29 6.25E-31 1.72E-32 4.32E-34 9.89E-36 2.06E-37 3.91E-39 6.76E-41 1.07E-42 1.53E-44 2.00E-46 2.38E-48 2.58E-50 
1.47E-16 1.46E-15 1.33E-14 1.12E-13 8.72E-13 6.28E-12 4.17E-11 2.56E-10 1.45E-09 7.62E-09 3.69E-08 1.65E-07 6.82E-07 2.60E-06 9.19E-06 2.99E-05 9.01E-05 0.000250691 0.000644185 0.001529269 0.003353967 0.006795722 0.012720795 0.021998585 0.035146095 0.051875374 0.070737098 0.089111771 0.103710984 0.11151063 0.110766804 0.1016494 0.08617908 0.067499526 0.048842899 0.032651564 0.020165471 0.011505741 0.006064886 0.00295347 0.001328753 0.000552278 0.000212067 7.52E-05 2.47E-05 7.47E-06 2.09E-06 5.40E-07 1.29E-07 2.84E-08 5.79E-09 1.09E-09 1.90E-10 3.05E-11 4.52E-12 6.20E-13 7.85E-14 9.19E-15 9.94E-16 9.93E-17 9.16E-18 7.81E-19 6.15E-20 4.48E-21 3.01E-22 1.87E-23 1.07E-24 5.69E-26 2.79E-27 1.26E-28 5.27E-30 2.03E-31 7.26E-33 2.39E-34 7.28E-36 2.05E-37 
1.30E-17 1.19E-16 1.01E-15 8.08E-15 6.02E-14 4.18E-13 2.71E-12 1.64E-11 9.25E-11 4.88E-10 2.40E-09 1.10E-08 4.72E-08 1.89E-07 7.04E-07 2.45E-06 7.97E-06 2.42E-05 6.84E-05 0.000180813 0.000445928 0.001026414 0.002204969 0.00442084 0.008272354 0.014446929 0.023547461 0.035820754 0.050856618 0.067387964 0.083337276 0.096187442 0.103614266 0.104170042 0.097743578 0.085596446 0.069959282 0.053365067 0.037991889 0.02524334 0.015653983 0.009059933 0.004893812 0.002467128 0.001160802 0.000509738 0.000208909 7.99E-05 2.85E-05 9.50E-06 2.96E-06 8.58E-07 2.32E-07 5.87E-08 1.39E-08 3.05E-09 6.27E-10 1.20E-10 2.15E-11 3.60E-12 5.61E-13 8.16E-14 1.11E-14 1.41E-15 1.66E-16 1.84E-17 1.89E-18 1.82E-19 1.63E-20 1.37E-21 1.07E-22 7.81E-24 5.32E-25 3.38E-26 2.00E-27 1.11E-28 
1.73E-18 1.48E-17 1.19E-16 8.98E-16 6.38E-15 4.27E-14 2.68E-13 1.59E-12 8.82E-12 4.61E-11 2.27E-10 1.05E-09 4.57E-09 1.87E-08 7.19E-08 2.60E-07 8.86E-07 2.84E-06 8.54E-06 2.42E-05 6.44E-05 0.000161297 0.000379938 0.000841693 0.001753669 0.003436325 0.006332775 0.01097607 0.017891745 0.027429101 0.039547903 0.053627601 0.068392159 0.082030863 0.092533987 0.098169889 0.097950882 0.091916066 0.081119923 0.067331248 0.052560419 0.038588155 0.026644172 0.017302285 0.010567147 0.006069669 0.003278879 0.001665861 0.000795985 0.000357705 0.000151181 6.01E-05 2.25E-05 7.90E-06 2.61E-06 8.12E-07 2.38E-07 6.53E-08 1.69E-08 4.11E-09 9.41E-10 2.03E-10 4.10E-11 7.80E-12 1.40E-12 2.35E-13 3.72E-14 5.55E-15 7.77E-16 1.02E-16 1.27E-17 1.48E-18 1.62E-19 1.67E-20 1.62E-21 1.47E-22 
3.20E-19 2.57E-18 1.96E-17 1.41E-16 9.57E-16 6.16E-15 3.75E-14 2.16E-13 1.18E-12 6.07E-12 2.96E-11 1.37E-10 5.97E-10 2.47E-09 9.65E-09 3.57E-08 1.25E-07 4.13E-07 1.29E-06 3.83E-06 1.07E-05 2.85E-05 7.15E-05 0.000169647 0.000380975 0.000809431 0.001627024 0.003094138 0.005566947 0.009476021 0.01526042 0.023250833 0.033515222 0.045706425 0.058971742 0.071985035 0.083132729 0.090830857 0.093891513 0.091822862 0.084958506 0.074369432 0.061590484 0.048257446 0.035772278 0.025087675 0.016645843 0.010449193 0.006205706 0.003486834 0.001853544 0.000932193 0.000443548 0.000199667 8.50E-05 3.43E-05 1.31E-05 4.71E-06 1.61E-06 5.19E-07 1.58E-07 4.58E-08 1.25E-08 3.24E-09 7.92E-10 1.83E-10 4.02E-11 8.32E-12 1.63E-12 3.03E-13 5.31E-14 8.81E-15 1.38E-15 2.06E-16 2.89E-17 3.85E-18 
7.68E-20 5.84E-19 4.22E-18 2.90E-17 1.90E-16 1.18E-15 6.95E-15 3.90E-14 2.08E-13 1.05E-12 5.08E-12 2.33E-11 1.01E-10 4.19E-10 1.65E-09 6.17E-09 2.19E-08 7.41E-08 2.38E-07 7.26E-07 2.11E-06 5.81E-06 1.52E-05 3.80E-05 8.99E-05 0.00020253 0.00043348 0.000881901 0.001705465 0.003135002 0.005477779 0.009097941 0.014363278 0.021554398 0.030746105 0.04168849 0.053729662 0.065823945 0.076652369 0.084847513 0.089273903 0.089285677 0.084881088 0.076702928 0.065884738 0.05379347 0.041749009 0.030798861 0.021597078 0.014395515 0.009120765 0.00549297 0.003144525 0.001711097 0.000885047 0.000435141 0.00020336 9.03E-05 3.81E-05 1.53E-05 5.84E-06 2.12E-06 7.30E-07 2.39E-07 7.45E-08 2.21E-08 6.21E-09 1.66E-09 4.22E-10 1.02E-10 2.35E-11 5.12E-12 1.06E-12 2.10E-13 3.93E-14 7.01E-15 
2.27E-20 1.64E-19 1.14E-18 7.50E-18 4.72E-17 2.84E-16 1.63E-15 8.89E-15 4.64E-14 2.31E-13 1.10E-12 4.97E-12 2.15E-11 8.87E-11 3.49E-10 1.31E-09 4.70E-09 1.61E-08 5.25E-08 1.63E-07 4.85E-07 1.38E-06 3.72E-06 9.60E-06 2.36E-05 5.55E-05 0.000124476 0.000266229 0.000543302 0.001057895 0.001965441 0.00348412 0.005893078 0.009510584 0.014644955 0.021517152 0.030164589 0.040348363 0.051495623 0.062709104 0.072862953 0.080779064 0.085448955 0.086244336 0.083055862 0.076317808 0.066910976 0.055973792 0.04467741 0.034025704 0.024725333 0.017143246 0.011341222 0.007158838 0.004311626 0.002477739 0.001358582 0.000710775 0.000354809 0.000168994 7.68E-05 3.33E-05 1.38E-05 5.44E-06 2.05E-06 7.36E-07 2.53E-07 8.26E-08 2.58E-08 7.68E-09 2.18E-09 5.92E-10 1.53E-10 3.78E-11 8.91E-12 2.00E-12 
7.95E-21 5.52E-20 3.67E-19 2.33E-18 1.42E-17 8.27E-17 4.61E-16 2.46E-15 1.26E-14 6.15E-14 2.88E-13 1.29E-12 5.52E-12 2.27E-11 8.90E-11 3.34E-10 1.20E-09 4.14E-09 1.36E-08 4.30E-08 1.30E-07 3.75E-07 1.04E-06 2.75E-06 6.96E-06 1.69E-05 3.91E-05 8.69E-05 0.000184796 0.000375958 0.000732062 0.001364321 0.002433586 0.004154681 0.006788747 0.01061702 0.015891929 0.022767304 0.031218182 0.040969873 0.051461522 0.061867368 0.071187159 0.078397584 0.082635128 0.083365764 0.080495531 0.074390386 0.065799539 0.055704451 0.045135468 0.03500314 0.025981072 0.018457298 0.012549898 0.008167202 0.005087066 0.003032651 0.001730368 0.000944965 0.000493917 0.000247089 0.000118308 5.42E-05 2.38E-05 9.98E-06 4.01E-06 1.54E-06 5.68E-07 2.00E-07 6.74E-08 2.18E-08 6.72E-09 1.99E-09 5.62E-10 1.52E-10 
3.21E-21 2.14E-20 1.37E-19 8.46E-19 5.00E-18 2.83E-17 1.54E-16 8.03E-16 4.02E-15 1.93E-14 8.91E-14 3.94E-13 1.67E-12 6.81E-12 2.66E-11 9.99E-11 3.59E-10 1.24E-09 4.11E-09 1.31E-08 3.99E-08 1.17E-07 3.28E-07 8.85E-07 2.29E-06 5.68E-06 1.35E-05 3.09E-05 6.79E-05 0.000142847 0.000288475 0.000559012 0.001039467 0.001854709 0.003175536 0.005217158 0.008224827 0.012442149 0.01806092 0.025157077 0.033624538 0.043124919 0.0530733 0.062675778 0.071023031 0.07722795 0.0805797 0.080677534 0.077509587 0.071455236 0.063210398 0.053656066 0.04370438 0.034159141 0.025619151 0.018437345 0.012732329 0.008437099 0.005364809 0.003273341 0.001916479 0.001076695 0.00058044 0.00030026 0.000149044 7.10E-05 3.24E-05 1.42E-05 5.99E-06 2.42E-06 9.37E-07 3.48E-07 1.24E-07 4.26E-08 1.40E-08 4.41E-09 
1.45E-21 9.40E-21 5.84E-20 3.49E-19 2.01E-18 1.11E-17 5.89E-17 3.01E-16 1.48E-15 6.99E-15 3.18E-14 1.39E-13 5.83E-13 2.36E-12 9.16E-12 3.42E-11 1.23E-10 4.25E-10 1.41E-09 4.52E-09 1.39E-08 4.10E-08 1.17E-07 3.19E-07 8.37E-07 2.12E-06 5.14E-06 1.20E-05 2.70E-05 5.83E-05 0.000121258 0.000242329 0.000465706 0.000860652 0.001529514 0.002613904 0.00429572 0.006788788 0.010317125 0.015077704 0.021189556 0.028636412 0.037215635 0.046509576 0.055894544 0.064596139 0.071788322 0.07672045 0.078845804 0.07792129 0.074053191 0.067677067 0.059477044 0.05026519 0.040850312 0.031925193 0.023992847 0.017339642 0.012050598 0.008053546 0.00517578 0.003198708 0.001901006 0.001086432 0.000597079 0.000315552 0.000160369 7.84E-05 3.68E-05 1.66E-05 7.23E-06 3.02E-06 1.22E-06 4.70E-07 1.75E-07 6.24E-08 
7.28E-22 4.56E-21 2.76E-20 1.61E-19 9.00E-19 4.86E-18 2.53E-17 1.27E-16 6.13E-16 2.85E-15 1.28E-14 5.52E-14 2.30E-13 9.21E-13 3.56E-12 1.32E-11 4.74E-11 1.64E-10 5.45E-10 1.75E-09 5.39E-09 1.60E-08 4.59E-08 1.27E-07 3.37E-07 8.64E-07 2.13E-06 5.07E-06 1.16E-05 2.56E-05 5.45E-05 0.000111611 0.000220238 0.000418677 0.000766773 0.001352866 0.002299554 0.003765588 0.005940495 0.009028444 0.013219157 0.018646408 0.025338862 0.033172607 0.041838165 0.050835394 0.059505938 0.067105012 0.072903798 0.076303751 0.076938226 0.074737573 0.069941728 0.063057139 0.054768735 0.045828084 0.036942921 0.02869005 0.021465051 0.015471524 0.010743228 0.007186824 0.004631694 0.002875697 0.001720074 0.000991177 0.000550245 0.000294281 0.000151624 7.53E-05 3.60E-05 1.66E-05 7.36E-06 3.15E-06 1.30E-06 5.14E-07 
3.96E-22 2.42E-21 1.43E-20 8.10E-20 4.44E-19 2.35E-18 1.20E-17 5.92E-17 2.81E-16 1.29E-15 5.71E-15 2.44E-14 1.01E-13 4.00E-13 1.53E-12 5.68E-12 2.03E-11 6.99E-11 2.32E-10 7.46E-10 2.31E-09 6.90E-09 1.99E-08 5.53E-08 1.48E-07 3.84E-07 9.60E-07 2.31E-06 5.38E-06 1.21E-05 2.61E-05 5.46E-05 0.000110137 0.000214238 0.000402101 0.000728195 0.001272436 0.002145353 0.003490088 0.005478339 0.00829729 0.012125468 0.017097617 0.023262024 0.030537556 0.03868084 0.04727509 0.055749847 0.063435131 0.069645146 0.073777972 0.075411473 0.074374315 0.070775571 0.064985825 0.057574309 0.049216835 0.040595087 0.032307855 0.024809477 0.018382389 0.01314199 0.009065571 0.006033983 0.003875143 0.0024013 0.001435753 0.000828301 0.000461075 0.000247645 0.00012834 6.42E-05 3.10E-05 1.44E-05 6.48E-06 2.81E-06 
2.32E-22 1.38E-21 7.95E-21 4.43E-20 2.38E-19 1.24E-18 6.21E-18 3.01E-17 1.41E-16 6.39E-16 2.79E-15 1.18E-14 4.82E-14 1.90E-13 7.25E-13 2.67E-12 9.50E-12 3.27E-11 1.09E-10 3.48E-10 1.08E-09 3.23E-09 9.36E-09 2.62E-08 7.07E-08 1.85E-07 4.66E-07 1.13E-06 2.67E-06 6.08E-06 1.34E-05 2.84E-05 5.82E-05 0.000115353 0.00022092 0.000408783 0.000730812 0.00126233 0.002106658 0.003396796 0.005291749 0.007964952 0.011583009 0.016274732 0.022093297 0.028977537 0.036721182 0.044959977 0.053185073 0.060786576 0.067124312 0.071615374 0.07382219 0.073522765 0.070747481 0.065774019 0.05908157 0.051274793 0.042994218 0.03483136 0.027263717 0.020618351 0.015065275 0.010635415 0.007254142 0.004780484 0.003043771 0.001872433 0.001112897 0.000639084 0.000354581 0.000190076 9.84E-05 4.93E-05 2.38E-05 1.11E-05 
1.44E-22 8.40E-22 4.74E-21 2.59E-20 1.37E-19 6.99E-19 3.46E-18 1.65E-17 7.64E-17 3.42E-16 1.48E-15 6.19E-15 2.51E-14 9.81E-14 3.72E-13 1.36E-12 4.82E-12 1.65E-11 5.48E-11 1.76E-10 5.46E-10 1.64E-09 4.75E-09 1.33E-08 3.63E-08 9.52E-08 2.42E-07 5.95E-07 1.41E-06 3.25E-06 7.24E-06 1.56E-05 3.24E-05 6.53E-05 0.0001271 0.000239432 0.000436287 0.000768985 0.001311048 0.002162095 0.003448944 0.00532173 0.00794282 0.011467055 0.016013429 0.021630773 0.028262788 0.035720144 0.043668339 0.051638711 0.059066247 0.06535196 0.069941205 0.072404051 0.072501648 0.070224418 0.065793604 0.059625833 0.052268556 0.044320209 0.036351167 0.028839663 0.022131826 0.016428563 0.011796065 0.008192756 0.005503996 0.003576691 0.002248227 0.001366954 0.000803939 0.000457349 0.000251668 0.000133956 6.90E-05 3.43E-05 
9.44E-23 5.41E-22 3.00E-21 1.61E-20 8.36E-20 4.21E-19 2.05E-18 9.68E-18 4.42E-17 1.96E-16 8.38E-16 3.48E-15 1.40E-14 5.43E-14 2.04E-13 7.45E-13 2.63E-12 8.98E-12 2.97E-11 9.53E-11 2.96E-10 8.88E-10 2.58E-09 7.27E-09 1.98E-08 5.23E-08 1.34E-07 3.31E-07 7.94E-07 1.84E-06 4.14E-06 9.01E-06 1.90E-05 3.87E-05 7.64E-05 0.000146178 0.000270662 0.000485249 0.000842352 0.001415837 0.002304219 0.00363099 0.005540097 0.00818466 0.011707786 0.016215855 0.021746825 0.028238575 0.035504272 0.043222449 0.050948225 0.058148654 0.064260069 0.068759647 0.071238867 0.071464654 0.069415508 0.065284885 0.059451073 0.052420079 0.044753455 0.036995286 0.029611277 0.022948737 0.017220723 0.012512235 0.008802566 0.00599618 0.003954858 0.002525679 0.001561767 0.000935072 0.000542082 0.000304282 0.000165378 8.70E-05 
6.48E-23 3.65E-22 1.99E-21 1.05E-20 5.39E-20 2.68E-19 1.29E-18 6.01E-18 2.71E-17 1.19E-16 5.04E-16 2.07E-15 8.27E-15 3.19E-14 1.20E-13 4.34E-13 1.52E-12 5.20E-12 1.72E-11 5.49E-11 1.70E-10 5.11E-10 1.49E-09 4.20E-09 1.15E-08 3.05E-08 7.83E-08 1.95E-07 4.70E-07 1.10E-06 2.49E-06 5.47E-06 1.16E-05 2.40E-05 4.80E-05 9.29E-05 0.000174294 0.000317019 0.000558805 0.000954567 0.001580245 0.00253521 0.003941621 0.00593892 0.008671847 0.012271206 0.016828076 0.022364193 0.028803385 0.035950538 0.043484931 0.050973416 0.057905555 0.063748251 0.068012362 0.070320021 0.070459844 0.068418871 0.064384552 0.058716343 0.051892891 0.04444555 0.036890984 0.029674523 0.023132299 0.017475331 0.012793918 0.009077228 0.006241292 0.004158793 0.00268554 0.001680612 0.001019236 0.000599037 0.000341196 0.000188333 
4.64E-23 2.57E-22 1.38E-21 7.20E-21 3.64E-20 1.79E-19 8.50E-19 3.92E-18 1.75E-17 7.61E-17 3.20E-16 1.31E-15 5.17E-15 1.99E-14 7.39E-14 2.67E-13 9.35E-13 3.18E-12 1.05E-11 3.34E-11 1.04E-10 3.11E-10 9.07E-10 2.56E-09 7.03E-09 1.87E-08 4.82E-08 1.20E-07 2.92E-07 6.87E-07 1.57E-06 3.47E-06 7.45E-06 1.55E-05 3.13E-05 6.12E-05 0.00011628 0.000214117 0.000382389 0.000662316 0.001112579 0.001812598 0.002864033 0.004388945 0.006523007 0.009402453 0.013144381 0.017821519 0.023434459 0.029886205 0.03696513 0.044342413 0.051588397 0.058209031 0.063699252 0.067605794 0.069588764 0.069470425 0.067261479 0.063159472 0.057519645 0.05080419 0.04351996 0.036156223 0.029132869 0.022766124 0.017254427 0.012682872 0.009041496 0.006251275 0.00419182 0.002726102 0.001719441 0.001051812 0.000624014 0.000359051 
3.43E-23 1.88E-22 9.96E-22 5.13E-21 2.56E-20 1.24E-19 5.85E-19 2.67E-18 1.18E-17 5.10E-17 2.13E-16 8.63E-16 3.39E-15 1.30E-14 4.80E-14 1.73E-13 6.02E-13 2.04E-12 6.70E-12 2.14E-11 6.61E-11 1.99E-10 5.79E-10 1.64E-09 4.50E-09 1.20E-08 3.10E-08 7.79E-08 1.90E-07 4.49E-07 1.03E-06 2.29E-06 4.96E-06 1.04E-05 2.12E-05 4.18E-05 8.02E-05 0.000149259 0.000269571 0.000472505 0.000803783 0.001327003 0.002126202 0.003306262 0.004989649 0.007308068 0.010388076 0.014330707 0.019186689 0.02493058 0.031438706 0.038476618 0.045701353 0.052681867 0.058937702 0.063991924 0.067430609 0.068958678 0.068441688 0.065925348 0.061628854 0.055913372 0.04923197 0.042070598 0.034890733 0.028082866 0.021936771 0.016630447 0.012235876 0.008737077 0.006054764 0.004072191 0.002658025 0.001683798 0.001035191 0.000617663 
2.62E-23 1.42E-22 7.43E-22 3.78E-21 1.87E-20 8.98E-20 4.19E-19 1.90E-18 8.33E-18 3.56E-17 1.48E-16 5.94E-16 2.32E-15 8.82E-15 3.25E-14 1.16E-13 4.05E-13 1.37E-12 4.48E-12 1.43E-11 4.41E-11 1.33E-10 3.86E-10 1.09E-09 3.01E-09 8.04E-09 2.08E-08 5.25E-08 1.28E-07 3.05E-07 7.03E-07 1.57E-06 3.42E-06 7.23E-06 1.48E-05 2.95E-05 5.71E-05 0.000107174 0.00019545 0.000346132 0.000595263 0.000994114 0.001612216 0.002539046 0.003883095 0.005766943 0.00831713 0.01164827 0.015841981 0.020922699 0.026834041 0.033420627 0.040420646 0.047473588 0.05414533 0.059969454 0.064499944 0.067367234 0.068327927 0.067298893 0.064369145 0.059787129 0.05392595 0.047233275 0.040175238 0.03318402 0.026617036 0.020732445 0.015682002 0.011518943 0.008216444 0.00569135 0.003828308 0.002500683 0.001586246 0.000977108 
#male conversion matrix
0.013351691 0.055020601 0.144707246 0.242902005 0.26022427 0.177926394 0.077644167 0.021624853 0.003843912 0.000436083 3.16E-05 1.46E-06 4.30E-08 8.10E-10 9.73E-12 7.46E-14 3.65E-16 1.14E-18 2.27E-21 2.89E-24 2.35E-27 1.22E-30 4.02E-34 8.50E-38 1.14E-41 9.84E-46 5.40E-50 1.89E-54 4.23E-59 6.03E-64 5.49E-69 3.19E-74 1.18E-79 2.80E-85 4.23E-91 4.08E-97 2.51E-103 9.86E-110 2.47E-116 3.96E-123 4.04E-130 2.63E-137 1.09E-144 2.91E-152 4.92E-160 5.32E-168 3.67E-176 1.62E-184 4.55E-193 8.16E-202 9.34E-211 6.83E-220 3.18E-229 9.48E-239 1.80E-248 2.18E-258 1.69E-268 8.34E-279 2.63E-289 5.29E-300 6.79492579802631e-311 5.58294179800609e-322 0 0 0 0 0 0 0 0 0 0 0 0 0 0 
2.39E-06 2.44E-05 0.000191212 0.00114902 0.005293343 0.018694859 0.050617866 0.105069089 0.167199743 0.203979134 0.19077672 0.136790052 0.075192262 0.031687011 0.010237146 0.002535514 0.000481441 7.01E-05 7.82E-06 6.69E-07 4.39E-08 2.21E-09 8.51E-11 2.51E-12 5.70E-14 9.89E-16 1.32E-17 1.34E-19 1.05E-21 6.32E-24 2.90E-26 1.02E-28 2.77E-31 5.74E-34 9.12E-37 1.11E-39 1.04E-42 7.43E-46 4.08E-49 1.71E-52 5.53E-56 1.37E-59 2.59E-63 3.77E-67 4.20E-71 3.59E-75 2.35E-79 1.18E-83 4.54E-88 1.34E-92 3.03E-97 5.26E-102 6.99E-107 7.12E-112 5.57E-117 3.33E-122 1.53E-127 5.39E-133 1.46E-138 3.01E-144 4.78E-150 5.81E-156 5.42E-162 3.87E-168 2.12E-174 8.91E-181 2.87E-187 7.09E-194 1.34E-200 1.95E-207 2.17E-214 1.85E-221 1.21E-228 6.06E-236 2.33E-243 6.86E-251 
1.74E-09 2.14E-08 2.19E-07 1.86E-06 1.32E-05 7.78E-05 0.000381909 0.001558856 0.005293969 0.014958412 0.035165637 0.068782882 0.111936343 0.151562144 0.170741558 0.160035606 0.124802381 0.080976313 0.043714147 0.019634276 0.007337306 0.002281326 0.000590156 0.000127021 2.27E-05 3.39E-06 4.20E-07 4.33E-08 3.72E-09 2.65E-10 1.58E-11 7.79E-13 3.21E-14 1.10E-15 3.12E-17 7.39E-19 1.46E-20 2.39E-22 3.26E-24 3.70E-26 3.49E-28 2.74E-30 1.79E-32 9.75E-35 4.41E-37 1.66E-39 5.20E-42 1.36E-44 2.94E-47 5.31E-50 7.96E-53 9.95E-56 1.03E-58 8.93E-62 6.43E-65 3.85E-68 1.91E-71 7.93E-75 2.73E-78 7.84E-82 1.87E-85 3.71E-89 6.14E-93 8.43E-97 9.64E-101 9.17E-105 7.26E-109 4.78E-113 2.62E-117 1.19E-121 4.53E-126 1.43E-130 3.75E-135 8.20E-140 1.49E-144 2.25E-149 
7.19E-12 8.82E-11 9.41E-10 8.73E-09 7.04E-08 4.94E-07 3.01E-06 1.60E-05 7.36E-05 0.000295194 0.001029418 0.003121679 0.008231847 0.018876399 0.037640354 0.065268097 0.098414912 0.129042738 0.147135998 0.145887141 0.125784693 0.094308597 0.06148759 0.034860722 0.017186917 0.007368385 0.002747004 0.000890551 0.000251056 6.15E-05 1.31E-05 2.43E-06 3.92E-07 5.50E-08 6.70E-09 7.10E-10 6.55E-11 5.25E-12 3.66E-13 2.22E-14 1.17E-15 5.35E-17 2.13E-18 7.40E-20 2.23E-21 5.84E-23 1.33E-24 2.64E-26 4.55E-28 6.81E-30 8.88E-32 1.01E-33 9.91E-36 8.50E-38 6.33E-40 4.10E-42 2.31E-44 1.13E-46 4.83E-49 1.79E-51 5.76E-54 1.61E-56 3.93E-59 8.33E-62 1.53E-64 2.46E-67 3.43E-70 4.15E-73 4.37E-76 4.01E-79 3.19E-82 2.21E-85 1.33E-88 6.97E-92 3.18E-95 1.26E-98 
1.11E-13 1.29E-12 1.33E-11 1.23E-10 1.02E-09 7.50E-09 4.94E-08 2.91E-07 1.53E-06 7.19E-06 3.01E-05 0.000112964 0.000378064 0.001130176 0.003017739 0.007197353 0.015332723 0.029175697 0.049588233 0.075282056 0.102084486 0.123646964 0.133771197 0.129269839 0.111580227 0.086026591 0.059242534 0.036440974 0.020021738 0.009825825 0.004307167 0.001686436 0.000589798 0.000184244 5.14E-05 1.28E-05 2.85E-06 5.67E-07 1.01E-07 1.60E-08 2.26E-09 2.87E-10 3.24E-11 3.27E-12 2.95E-13 2.38E-14 1.71E-15 1.10E-16 6.32E-18 3.24E-19 1.48E-20 6.07E-22 2.22E-23 7.24E-25 2.11E-26 5.50E-28 1.28E-29 2.66E-31 4.93E-33 8.18E-35 1.21E-36 1.60E-38 1.89E-40 2.00E-42 1.88E-44 1.58E-46 1.19E-48 8.00E-51 4.80E-53 2.57E-55 1.23E-57 5.27E-60 2.01E-62 6.86E-65 2.09E-67 5.69E-70 
4.41E-15 4.77E-14 4.70E-13 4.20E-12 3.42E-11 2.53E-10 1.70E-09 1.04E-08 5.76E-08 2.91E-07 1.34E-06 5.57E-06 2.11E-05 7.29E-05 0.000228544 0.000651359 0.001687622 0.003974976 0.008511344 0.016567852 0.029318296 0.047164547 0.068975849 0.091702857 0.110834027 0.121777708 0.121637338 0.110451204 0.091175559 0.068421225 0.046677511 0.028948694 0.016321298 0.008365364 0.003897799 0.001651043 0.000635773 0.000222561 7.08E-05 2.05E-05 5.39E-06 1.29E-06 2.80E-07 5.53E-08 9.94E-09 1.62E-09 2.41E-10 3.25E-11 3.99E-12 4.45E-13 4.51E-14 4.16E-15 3.48E-16 2.65E-17 1.84E-18 1.16E-19 6.62E-21 3.45E-22 1.63E-23 7.01E-25 2.74E-26 9.73E-28 3.14E-29 9.24E-31 2.47E-32 5.98E-34 1.32E-35 2.65E-37 4.83E-39 8.00E-41 1.21E-42 1.65E-44 2.06E-46 2.33E-48 2.40E-50 2.24E-52 
3.49E-16 3.53E-15 3.29E-14 2.82E-13 2.23E-12 1.62E-11 1.08E-10 6.65E-10 3.77E-09 1.96E-08 9.41E-08 4.15E-07 1.69E-06 6.30E-06 2.17E-05 6.86E-05 0.000199726 0.000535383 0.001320744 0.002998449 0.00626467 0.012045457 0.021314342 0.034709164 0.052016359 0.071739662 0.09105468 0.106357664 0.114329654 0.113102593 0.102969786 0.086272152 0.066520427 0.047202283 0.030824394 0.018524636 0.010245387 0.005214716 0.002442623 0.001052946 0.000417714 0.000152502 5.12E-05 1.58E-05 4.51E-06 1.18E-06 2.85E-07 6.31E-08 1.29E-08 2.42E-09 4.18E-10 6.65E-11 9.74E-12 1.31E-12 1.63E-13 1.86E-14 1.95E-15 1.88E-16 1.68E-17 1.37E-18 1.03E-19 7.16E-21 4.57E-22 2.68E-23 1.45E-24 7.21E-26 3.30E-27 1.39E-28 5.38E-30 1.92E-31 6.30E-33 1.90E-34 5.29E-36 1.35E-37 3.19E-39 6.91E-41 
4.58E-17 4.37E-16 3.87E-15 3.18E-14 2.43E-13 1.72E-12 1.13E-11 6.90E-11 3.92E-10 2.06E-09 1.01E-08 4.58E-08 1.93E-07 7.55E-07 2.74E-06 9.26E-06 2.90E-05 8.44E-05 0.000227947 0.000571665 0.001331164 0.00287809 0.005777764 0.010769562 0.018638844 0.02995178 0.044689863 0.061912473 0.079639772 0.095118413 0.105482864 0.108613038 0.103840014 0.09217863 0.075976361 0.058144609 0.041316465 0.027259607 0.016699319 0.009498623 0.005016551 0.002459986 0.001120064 0.000473517 0.000185871 6.77E-05 2.29E-05 7.20E-06 2.10E-06 5.69E-07 1.43E-07 3.34E-08 7.25E-09 1.46E-09 2.73E-10 4.74E-11 7.63E-12 1.14E-12 1.59E-13 2.05E-14 2.45E-15 2.73E-16 2.82E-17 2.70E-18 2.40E-19 1.99E-20 1.53E-21 1.09E-22 7.20E-24 4.42E-25 2.52E-26 1.34E-27 6.57E-29 3.00E-30 1.27E-31 5.01E-33 
8.85E-18 8.00E-17 6.76E-16 5.34E-15 3.94E-14 2.72E-13 1.75E-12 1.06E-11 5.95E-11 3.14E-10 1.54E-09 7.10E-09 3.05E-08 1.23E-07 4.61E-07 1.62E-06 5.32E-06 1.63E-05 4.68E-05 0.000125515 0.000314518 0.000736667 0.001612768 0.003300263 0.006312491 0.0112857 0.018859574 0.029458513 0.043009595 0.058694239 0.074868854 0.089265262 0.099480823 0.103626741 0.100897382 0.091825552 0.078112904 0.062109439 0.046160236 0.032066681 0.020821672 0.012637256 0.007169115 0.00380149 0.00188416 0.000872886 0.000377983 0.00015299 5.79E-05 2.05E-05 6.77E-06 2.09E-06 6.04E-07 1.63E-07 4.11E-08 9.69E-09 2.14E-09 4.40E-10 8.48E-11 1.53E-11 2.57E-12 4.04E-13 5.94E-14 8.16E-15 1.05E-15 1.26E-16 1.41E-17 1.48E-18 1.45E-19 1.33E-20 1.14E-21 9.12E-23 6.82E-24 4.77E-25 3.12E-26 1.91E-27 
2.30E-18 1.98E-17 1.61E-16 1.23E-15 8.77E-15 5.90E-14 3.73E-13 2.21E-12 1.23E-11 6.46E-11 3.18E-10 1.47E-09 6.39E-09 2.61E-08 1.00E-07 3.60E-07 1.22E-06 3.88E-06 1.16E-05 3.25E-05 8.58E-05 0.000212487 0.000494624 0.001081726 0.002222595 0.004290461 0.007781231 0.013258466 0.021224567 0.031921628 0.045105743 0.059879653 0.074683959 0.087513693 0.096344142 0.099649526 0.096833534 0.088405025 0.07582785 0.06110562 0.046263042 0.032906966 0.021990855 0.013806927 0.008144277 0.004513451 0.002349987 0.001149537 0.0005283 0.000228107 9.25E-05 3.53E-05 1.26E-05 4.25E-06 1.34E-06 3.99E-07 1.11E-07 2.91E-08 7.18E-09 1.66E-09 3.61E-10 7.37E-11 1.41E-11 2.55E-12 4.32E-13 6.87E-14 1.03E-14 1.44E-15 1.90E-16 2.36E-17 2.75E-18 3.00E-19 3.09E-20 2.98E-21 2.71E-22 2.31E-23 
7.54E-19 6.25E-18 4.89E-17 3.61E-16 2.51E-15 1.65E-14 1.02E-13 5.96E-13 3.29E-12 1.71E-11 8.37E-11 3.87E-10 1.69E-09 6.95E-09 2.70E-08 9.89E-08 3.42E-07 1.11E-06 3.42E-06 9.92E-06 2.71E-05 7.00E-05 0.000170372 0.000391123 0.000846988 0.001730171 0.003333868 0.006059758 0.010389863 0.016803973 0.025636679 0.036894291 0.050084599 0.06413526 0.077470641 0.088272425 0.094876923 0.096193062 0.091997185 0.082995195 0.070628338 0.05669603 0.04293129 0.030664992 0.020661383 0.013131779 0.007872911 0.004452406 0.002375209 0.001195244 0.00056736 0.000254044 0.000107302 4.28E-05 1.61E-05 5.70E-06 1.90E-06 6.01E-07 1.79E-07 5.02E-08 1.33E-08 3.32E-09 7.82E-10 1.74E-10 3.64E-11 7.20E-12 1.34E-12 2.36E-13 3.93E-14 6.15E-15 9.08E-16 1.26E-16 1.66E-17 2.06E-18 2.41E-19 2.66E-20 
2.97E-19 2.38E-18 1.80E-17 1.29E-16 8.79E-16 5.65E-15 3.43E-14 1.98E-13 1.08E-12 5.54E-12 2.70E-11 1.25E-10 5.45E-10 2.25E-09 8.80E-09 3.26E-08 1.14E-07 3.78E-07 1.19E-06 3.52E-06 9.88E-06 2.63E-05 6.61E-05 0.000157259 0.000354232 0.000755097 0.001523211 0.002907769 0.005252935 0.008980212 0.014528258 0.022242466 0.032225133 0.044182361 0.057325193 0.070385717 0.081783551 0.089926935 0.093574179 0.092143493 0.085864911 0.075719752 0.063189519 0.049902617 0.037294433 0.026375888 0.017652759 0.011180481 0.006701173 0.003800875 0.002040134 0.001036278 0.000498122 0.000226589 9.75E-05 3.97E-05 1.53E-05 5.59E-06 1.93E-06 6.30E-07 1.95E-07 5.70E-08 1.58E-08 4.14E-09 1.03E-09 2.41E-10 5.34E-11 1.12E-11 2.23E-12 4.20E-13 7.48E-14 1.26E-14 2.01E-15 3.04E-16 4.33E-17 5.86E-18 
1.36E-19 1.06E-18 7.80E-18 5.46E-17 3.63E-16 2.29E-15 1.37E-14 7.75E-14 4.17E-13 2.13E-12 1.03E-11 4.75E-11 2.07E-10 8.57E-10 3.36E-09 1.25E-08 4.43E-08 1.49E-07 4.73E-07 1.43E-06 4.09E-06 1.11E-05 2.87E-05 7.01E-05 0.000162761 0.000358474 0.000749093 0.0014852 0.002793868 0.00498653 0.008444277 0.013567444 0.020682602 0.029914643 0.041051971 0.053450988 0.06603117 0.077395157 0.086069665 0.090815081 0.090915383 0.086355162 0.077823503 0.066543368 0.053984653 0.041553479 0.030347016 0.021027911 0.013824448 0.008623251 0.005103472 0.002865709 0.001526757 0.000771755 0.000370135 0.000168427 7.27E-05 2.98E-05 1.16E-05 4.27E-06 1.49E-06 4.96E-07 1.56E-07 4.67E-08 1.32E-08 3.56E-09 9.08E-10 2.20E-10 5.05E-11 1.10E-11 2.28E-12 4.47E-13 8.33E-14 1.47E-14 2.47E-15 3.92E-16 
7.02E-20 5.32E-19 3.83E-18 2.63E-17 1.71E-16 1.06E-15 6.25E-15 3.50E-14 1.86E-13 9.43E-13 4.54E-12 2.08E-11 9.05E-11 3.74E-10 1.47E-09 5.51E-09 1.96E-08 6.63E-08 2.13E-07 6.52E-07 1.90E-06 5.24E-06 1.38E-05 3.44E-05 8.18E-05 0.000184732 0.000396826 0.000810503 0.001574001 0.002906377 0.005102639 0.008517927 0.013519762 0.020403296 0.029277079 0.039943973 0.051816837 0.063912626 0.074954643 0.083580804 0.088615698 0.089332791 0.085626317 0.078036852 0.067622052 0.055715119 0.04364695 0.03251104 0.023025228 0.015505049 0.009927467 0.006043658 0.003498303 0.001925356 0.001007537 0.000501311 0.000237164 0.000106681 4.56E-05 1.86E-05 7.17E-06 2.64E-06 9.22E-07 3.06E-07 9.68E-08 2.91E-08 8.31E-09 2.26E-09 5.83E-10 1.43E-10 3.34E-11 7.43E-12 1.57E-12 3.15E-13 6.00E-14 1.09E-14 
4.01E-20 2.97E-19 2.10E-18 1.41E-17 9.04E-17 5.51E-16 3.21E-15 1.77E-14 9.36E-14 4.70E-13 2.25E-12 1.02E-11 4.45E-11 1.84E-10 7.24E-10 2.71E-09 9.70E-09 3.30E-08 1.07E-07 3.30E-07 9.71E-07 2.72E-06 7.25E-06 1.84E-05 4.46E-05 0.000102781 0.000225666 0.000471932 0.000940054 0.001783555 0.003223153 0.005547991 0.009096008 0.014204513 0.021128187 0.029933569 0.04039384 0.051919699 0.063563759 0.074122038 0.082327611 0.087097172 0.087765327 0.084236881 0.077009084 0.067056675 0.055616346 0.043936279 0.033060123 0.023694418 0.016175138 0.010517447 0.006513779 0.00384252 0.002159035 0.001155483 0.000589017 0.000285991 0.000132263 5.83E-05 2.44E-05 9.77E-06 3.72E-06 1.35E-06 4.66E-07 1.53E-07 4.80E-08 1.43E-08 4.07E-09 1.10E-09 2.84E-10 6.98E-11 1.63E-11 3.64E-12 7.72E-13 1.56E-13 
2.48E-20 1.81E-19 1.25E-18 8.29E-18 5.23E-17 3.15E-16 1.81E-15 9.92E-15 5.19E-14 2.59E-13 1.23E-12 5.58E-12 2.41E-11 9.96E-11 3.92E-10 1.47E-09 5.28E-09 1.80E-08 5.88E-08 1.83E-07 5.42E-07 1.53E-06 4.14E-06 1.07E-05 2.62E-05 6.13E-05 0.000136996 0.000291994 0.000593659 0.001151322 0.002129876 0.003758453 0.006326469 0.010158064 0.015558147 0.022730143 0.031676986 0.042109774 0.053397305 0.064588192 0.074521965 0.082018691 0.086107056 0.086230722 0.082372581 0.075058641 0.065240321 0.054091479 0.042779824 0.032273532 0.023224767 0.015942397 0.010438864 0.00652004 0.003884585 0.002207681 0.001196811 0.000618888 0.000305278 0.000143641 6.45E-05 2.76E-05 1.13E-05 4.39E-06 1.63E-06 5.78E-07 1.96E-07 6.31E-08 1.94E-08 5.69E-09 1.59E-09 4.26E-10 1.08E-10 2.63E-11 6.10E-12 1.35E-12 
1.65E-20 1.18E-19 8.06E-19 5.26E-18 3.28E-17 1.95E-16 1.11E-15 6.02E-15 3.12E-14 1.55E-13 7.31E-13 3.30E-12 1.43E-11 5.87E-11 2.31E-10 8.68E-10 3.12E-09 1.07E-08 3.50E-08 1.09E-07 3.27E-07 9.32E-07 2.54E-06 6.60E-06 1.64E-05 3.89E-05 8.82E-05 0.000191008 0.000394869 0.000779628 0.001470124 0.002647598 0.004553884 0.007480728 0.011736474 0.017585846 0.025166381 0.034396176 0.044898458 0.055973772 0.06664531 0.075785564 0.082306713 0.085372089 0.084572356 0.080015262 0.0723018 0.062396074 0.051427723 0.040482675 0.030434978 0.021852878 0.014985671 0.009814668 0.006139131 0.003667499 0.002092498 0.001140229 0.000593404 0.000294945 0.000140012 6.35E-05 2.75E-05 1.14E-05 4.49E-06 1.69E-06 6.10E-07 2.10E-07 6.90E-08 2.16E-08 6.49E-09 1.86E-09 5.08E-10 1.33E-10 3.31E-11 7.88E-12 
1.16E-20 8.18E-20 5.52E-19 3.56E-18 2.19E-17 1.29E-16 7.27E-16 3.92E-15 2.02E-14 9.93E-14 4.67E-13 2.10E-12 9.04E-12 3.72E-11 1.46E-10 5.50E-10 1.98E-09 6.79E-09 2.23E-08 7.00E-08 2.10E-07 6.03E-07 1.66E-06 4.35E-06 1.09E-05 2.61E-05 5.99E-05 0.000131395 0.000275378 0.000551775 0.001057007 0.001935874 0.003389683 0.005674453 0.0090818 0.013896415 0.020329027 0.028432389 0.038018332 0.048602175 0.059402032 0.069411247 0.077542775 0.082820104 0.084569381 0.082560722 0.077057827 0.068761125 0.058661362 0.047845848 0.03730949 0.027814888 0.019825232 0.01350959 0.008801344 0.005481997 0.003264461 0.00185852 0.001011593 0.000526414 0.000261898 0.000124572 5.66E-05 2.46E-05 1.02E-05 4.07E-06 1.55E-06 5.61E-07 1.95E-07 6.47E-08 2.05E-08 6.24E-09 1.81E-09 5.02E-10 1.33E-10 3.37E-11 
8.58E-21 5.97E-20 3.98E-19 2.54E-18 1.55E-17 9.05E-17 5.06E-16 2.70E-15 1.38E-14 6.77E-14 3.17E-13 1.42E-12 6.10E-12 2.50E-11 9.84E-11 3.70E-10 1.33E-09 4.58E-09 1.51E-08 4.75E-08 1.43E-07 4.13E-07 1.14E-06 3.01E-06 7.62E-06 1.84E-05 4.27E-05 9.45E-05 0.00020039 0.00040646 0.000788906 0.001465203 0.00260397 0.004428328 0.007206249 0.011221328 0.016720333 0.02384027 0.032526928 0.042465919 0.053052227 0.06342089 0.072548202 0.079412083 0.083178701 0.083368751 0.079957659 0.073380803 0.064442215 0.054153194 0.043545502 0.033506429 0.024670536 0.017381796 0.011718616 0.007560032 0.004666986 0.002756862 0.001558329 0.000842886 0.000436259 0.000216065 0.000102398 4.64E-05 2.02E-05 8.37E-06 3.32E-06 1.26E-06 4.60E-07 1.60E-07 5.33E-08 1.70E-08 5.19E-09 1.51E-09 4.23E-10 1.13E-10 
6.61E-21 4.55E-20 3.00E-19 1.90E-18 1.15E-17 6.65E-17 3.69E-16 1.96E-15 9.98E-15 4.86E-14 2.27E-13 1.01E-12 4.34E-12 1.78E-11 6.97E-11 2.62E-10 9.43E-10 3.25E-09 1.07E-08 3.39E-08 1.02E-07 2.97E-07 8.24E-07 2.19E-06 5.57E-06 1.36E-05 3.17E-05 7.08E-05 0.00015149 0.000310424 0.000609143 0.001144654 0.002059781 0.003549435 0.005857185 0.009255718 0.01400628 0.020296774 0.02816584 0.037429145 0.047630881 0.058044198 0.067736152 0.075696138 0.081006232 0.08301463 0.081467116 0.076559934 0.068898895 0.059376483 0.049001365 0.038725175 0.029306915 0.021239208 0.014740018 0.00979601 0.006234361 0.003799498 0.00221744 0.001239279 0.000663251 0.000339921 0.000166828 7.84E-05 3.53E-05 1.52E-05 6.28E-06 2.48E-06 9.39E-07 3.40E-07 1.18E-07 3.93E-08 1.25E-08 3.81E-09 1.11E-09 3.11E-10 
5.28E-21 3.60E-20 2.35E-19 1.48E-18 8.86E-18 5.10E-17 2.81E-16 1.49E-15 7.52E-15 3.65E-14 1.70E-13 7.56E-13 3.23E-12 1.32E-11 5.17E-11 1.94E-10 6.99E-10 2.41E-09 7.97E-09 2.52E-08 7.66E-08 2.23E-07 6.20E-07 1.66E-06 4.24E-06 1.04E-05 2.44E-05 5.49E-05 0.00011846 0.00024483 0.000484872 0.000920155 0.001673265 0.00291567 0.004868355 0.007789261 0.011942091 0.017544243 0.024697842 0.033316049 0.043064371 0.053339981 0.063307873 0.072000035 0.078465333 0.081939453 0.08199331 0.078620156 0.072236968 0.063599725 0.053656346 0.043376756 0.033601849 0.024942467 0.017741313 0.012092114 0.007897485 0.004942487 0.00296396 0.001703215 0.000937857 0.00049485 0.000250196 0.000121216 5.63E-05 2.50E-05 1.07E-05 4.36E-06 1.71E-06 6.40E-07 2.30E-07 7.92E-08 2.61E-08 8.26E-09 2.50E-09 7.27E-10 
4.34E-21 2.94E-20 1.91E-19 1.19E-18 7.08E-18 4.05E-17 2.22E-16 1.17E-15 5.89E-15 2.85E-14 1.32E-13 5.86E-13 2.50E-12 1.02E-11 3.99E-11 1.50E-10 5.39E-10 1.86E-09 6.16E-09 1.95E-08 5.94E-08 1.73E-07 4.84E-07 1.30E-06 3.33E-06 8.22E-06 1.94E-05 4.40E-05 9.54E-05 0.000198687 0.000396565 0.00075887 0.00139229 0.00244907 0.004130301 0.006678383 0.010353092 0.015387851 0.021927798 0.029958577 0.039242484 0.049283431 0.059340952 0.068504202 0.075820921 0.080458148 0.081857814 0.079847144 0.074673716 0.066955348 0.057558825 0.04744033 0.037488029 0.028401852 0.020630504 0.014367531 0.009593202 0.006141213 0.003769241 0.002218006 0.001251356 0.000676874 0.00035103 0.000174538 8.32E-05 3.80E-05 1.67E-05 7.00E-06 2.82E-06 1.09E-06 4.03E-07 1.43E-07 4.87E-08 1.59E-08 4.97E-09 1.49E-09 
3.66E-21 2.46E-20 1.59E-19 9.82E-19 5.83E-18 3.32E-17 1.81E-16 9.48E-16 4.76E-15 2.29E-14 1.06E-13 4.70E-13 2.00E-12 8.14E-12 3.18E-11 1.20E-10 4.30E-10 1.48E-09 4.92E-09 1.56E-08 4.76E-08 1.39E-07 3.90E-07 1.05E-06 2.71E-06 6.69E-06 1.59E-05 3.62E-05 7.90E-05 0.00016539 0.000332292 0.000640393 0.001183826 0.002099151 0.003570377 0.005825041 0.009115879 0.013683988 0.01970341 0.027213519 0.036053099 0.04581578 0.055847297 0.065298594 0.073235237 0.078786343 0.081301092 0.080474153 0.076406628 0.06958574 0.060788868 0.050938066 0.040942602 0.031566252 0.023344532 0.016560061 0.011268167 0.007354603 0.004604471 0.002765126 0.001592812 0.000880094 0.000466453 0.000237138 0.00011564 5.41E-05 2.43E-05 1.04E-05 4.31E-06 1.71E-06 6.49E-07 2.36E-07 8.26E-08 2.77E-08 8.90E-09 2.75E-09 
3.16E-21 2.11E-20 1.35E-19 8.33E-19 4.92E-18 2.79E-17 1.51E-16 7.90E-16 3.96E-15 1.90E-14 8.76E-14 3.87E-13 1.64E-12 6.69E-12 2.62E-11 9.81E-11 3.53E-10 1.22E-09 4.04E-09 1.29E-08 3.92E-08 1.15E-07 3.23E-07 8.70E-07 2.25E-06 5.59E-06 1.33E-05 3.05E-05 6.69E-05 0.00014078 0.000284445 0.000551501 0.00102609 0.001831963 0.003138627 0.005160056 0.008140682 0.012324205 0.017903946 0.024959181 0.033389016 0.042861627 0.052798966 0.062412834 0.070796879 0.077063026 0.080495153 0.080683574 0.077605456 0.071629367 0.063442705 0.053921753 0.04397826 0.034419441 0.025850045 0.0186299 0.012884023 0.008550355 0.005445134 0.003327551 0.001951338 0.001098075 0.000592957 0.00030726 0.000152785 7.29E-05 3.34E-05 1.47E-05 6.18E-06 2.50E-06 9.72E-07 3.62E-07 1.29E-07 4.44E-08 1.46E-08 4.62E-09
#(57) shelf survey bottom temperature anomalies
0.15487549 -0.452089609 0.584221747 -0.890328042 -0.729165653 0.971140174 0.291967416 0.824647274 -1.582290745 -0.318836246 0.1282951 0.749854253 1.36364628 0.892117178 0.978554169 -0.598376595 -0.66763128 -1.159768641 -1.067472789 -0.88929701 0.023746983 -1.422479199 -0.610032928 0.709318993 0.835685918 1.880316845
#(58) for monotonically increasing fishery selectivties with smoother 0 off 1 on note this will not be needed for Kamchatka assessment because it has asymptotic fishery selectivity
  1
#(59a) wt_like weights for smooth selectivity likelihoods 1 fishery female, 2 survey female, 3 fishery male, 4 survey male
  10. 120. 120. 1.            #3 was 40
#(59b) weights for constraint on monotonicity 1 fishery female, 2 fishery male, 3 survey female, 4 survey male
  200. 100. 20000. 1000.  
#(60) yrs with survey ages =  nobs_srv_age
2 1
#(61shelf) yrs with shelf, slope, and AI age data   = yrs_srv_age
#(61slope)
2002 2012
#(61AI)
2010 
#(62 shelf)
#(62 slope)
200 200
200 200
#(62 AI)
200
200
#(63 slope females)
0 0 0.001167863 0.014131235 0.045607134 0.053269812 0.042317148 0.035296838 0.027838057 0.043413495 0.028269517 0.024564372 0.022922703 0.025484468 0.016719718 0.01276929 0.015597114 0.018925459 0.006876427 0.012741093 0.004713709 0.013550605 0.010850539 0.028705424
0 0.001266465 0.014600736 0.009370571 0.02050988 0.028631197 0.03863843 0.063964756 0.061017924 0.039859633 0.035314611 0.008774901 0.002405849 0.009439995 0.009096588 0.004771375 0.002609112 0.0009277 0.001025026 0.002580828 0.002808817 0.001764162 0.001366674 0.023640429
#(63 AI females)
#Aleutian survey age comps for females 2010 ages 25-Feb (sum to 1 for both sexes)
0.039938821 0.009946972 0.021960603 0.012927075 0.017844465 0.041319316 0.032390089 0.016473232 0.018948086 0.020629901 0.010950711 0.008148724 0.008412382 0.004314392 0.00336452 0.001086819 0.008885656 0.004519674 0.003199319 0.002228882 0.002957195 0.00716056 0.0021673 0.001476079
#(64 slope males)
#BS slope survey age comps for males 2002 and 2012 ages 25-Feb
0 0 0.003524901 0.028049332 0.08999423 0.055334825 0.043475914 0.043229649 0.034821405 0.018673227 0.015740273 0.016610989 0.026951005 0.016708213 0.012058915 0.016972096 0.018461784 0.005481046 0.014419682 0.006728588 0.001230248 0.007827732 0.004655875 0.013318052
0 0.001562094 0.03392157 0.015925132 0.03917912 0.05413383 0.084429371 0.078224005 0.109338 0.064252744 0.009675281 0.025302599 0.020767862 0.009677919 0.003296934 0.000799866 0.008585054 0.007333463 0.004776593 0.009655576 0.001625788 0.004700346 0.004411802 0.024039393
#(64 AI males)
#Aleutian survey age comps for males 2010 ages 25-Feb
0.047601647 0.018941609 0.033387183 0.024632511 0.0493613 0.063549728 0.060707965 0.048868249 0.042129358 0.019379294 0.017169876 0.006662864 0.009502165 0.003698116 0 0.031330821 0.028099665 0.006381952 0.02431298 0.028522383 0.017341884 0.029868527 0.032648827 0.054650324
#(65 male and female natural mortality)
0.08 0.08
#(66) offset constant
0.00001   #was .0001 
#(67) q1,2,3 lower bound
0.1 0.01 0.05
#(68) q1,2,3 upper bound
2.0 1.5 1.5 
#(69) q_surv prior mean
.8 .18 0.45
#(70) nparams_srv whether there are 2 or 4 selectivity parameters (logistic or dome shaped)
4 2 2 

#(72) mean_log_rec_prior
10
#(73) log_avg_fmort_prior
-5  
#(74)  init_vector like_wght(1,5)  trying to move away from using weights because they are based on assumptions about the variance behind data and can get forgotten  
1 1 1 300 1 #1
#(75) fpen_mult(1,2)
0.001 0.01  
#(76) catch error (this is an estimate - Martin uses 5% for pollock)   ATF might be slightly higher because discards are difficult to quantify
0.7071068   
#(77) fmort_boundL -3,3 for Kam and ATFBSAI but -5, 3.5 GOA ATF
-3 
#(78) fmort_boundH
3 