# Number of parameters = 185  Objective function value = 1008.10  Maximum gradient component = 0.000383089
# q_surv[1]:
1.00000000000
# fishsel_params_f[1]:
1.56640528538
# fishsel_params_f[2]:
6.44995199435
# fishsel_params_m[1]:
1.10091744966
# fishsel_params_m[2]:
6.81615793648
# srv_params_f[1]:
1.02237168407
# srv_params_f[2]:
3.91394218331
# srv_params_m[1]:
0.499999995181
# srv_params_m[2]:
5.08065452711
# srv1desc_params_f[1]:
1.54664425882
# srv1desc_params_f[2]:
4.37252931817
# srv1desc_params_m[1]:
1.30520892400
# srv1desc_params_m[2]:
7.68946501717
# alpha:
1.00000000000
# beta:
0.00000000000
# mean_log_rec:
19.2272716429
# rec_dev:
 -0.991385828700 -0.379854568003 -0.421835502992 -0.466249152748 -0.512841050629 -0.561399611833 -0.619120458152 -0.680003602102 -0.742392581157 -0.805406694557 -0.869008033133 -0.919157972291 -0.950522723095 -0.963940768765 -0.959590408922 -0.928289084156 -0.885584941760 -0.831544806631 -0.787790059220 -0.748104692724 -0.709131378471 -0.691606176651 -0.606909288820 -0.672314049442 -0.717404492897 -0.777033504988 -0.921672809118 -1.00323931069 -1.02099039495 0.368305227028 -0.229701349256 0.246959843293 0.401782691881 0.134258275690 -0.190218218686 -0.243432210946 0.0179545111144 0.202764811772 0.463286444670 0.464510922381 0.236709631606 0.362198535045 0.291886800456 0.508827227867 0.740402625956 0.317875610580 0.415250441775 0.653224396579 0.411742495449 0.316352778315 0.572199751743 0.460170750811 0.208655680811 0.285294356419 0.398173185360 0.320682204616 0.556870290913 0.768365061247 0.760540271164 1.30873177532 0.727160375278 0.769127621058 0.732831519747 0.810687307167 0.928246541372 1.08256140760 0.550768199031 0.827215318037 0.363500380968 0.234454178738 0.728946687299 1.36500822332 0.0615484160210 1.43164318751 -2.36522354721e-07
# log_avg_fmort:
-4.43384136323
# fmort_dev:
 -1.89082427730 -1.87474070182 -1.86172717565 -1.85324495503 -1.85014873713 -0.280799200166 -0.364656643597 -0.665421214185 -0.930189227775 -0.577963249162 -1.04860218094 0.280590717713 1.09257489851 0.367215945149 -0.235658983390 -0.201375595392 0.859899179837 0.658279095426 0.462260038403 0.418258593689 0.297616541693 -0.236586675240 0.0235594554470 -0.623473982228 -1.47813618721 -1.76220127364 -0.416371351528 -0.438314669282 -1.17958570241 -0.133765088382 0.0961951160812 0.529503458535 0.474232665583 0.869423716677 0.614950075256 0.812961335309 0.483223329690 0.250746401464 0.473033248417 0.880012638067 0.690568353924 0.750873521255 1.08609540701 0.382303016814 0.591720101910 0.883455015968 0.756996096579 0.848869833223 0.644913530945 0.579435944733 0.815731387774 0.393744874365 0.433569832711 0.951474656986 0.149499046317
# log_selcoffs_fish:
 -5.83937749741 -4.55174957572 -3.30484772441 -2.20113363726 -1.38892872965 -0.906114032581 -0.608792392764 -0.310791876288 0.0589710716617 0.384642372795 0.529079684599 0.523706838975 0.506280487282 0.484672744293 0.463250820753 0.444459471419 0.430426553600 0.418941815938 0.407781217381
 -5.77419594767 -4.60508487205 -3.45706584041 -2.37771920670 -1.42547068576 -0.658168081135 -0.106589394738 0.242122310690 0.426099284913 0.492477820554 0.485591819326 0.460918685191 0.428095096749 0.392015023189 0.352194504089 0.303037359244 0.258792044677 0.222705451852 0.197211753765
# sexr_param_fish:
1.00000000000
# F40:
0.212285173090
# F35:
0.259606674403
# F30:
0.509039990565
